# CAMIRA HSC S18A Deep/UD cluster catalog with star mask
# (updated version of catalog presented in Oguri+2018, PASJ, 70, S20)
# column 1: ID
# column 2: Name
# column 3: RA [deg]
# column 4: Dec [deg]
# column 5: cluster photometric redshift z_cl
# column 6: richness N_mem
# column 7: spectroscopic redshift of BCG (-1.0 if not available)
    1 HSCJ021528-044041  33.867658  -4.678120 0.3410  30.158 0.34785
    2 HSCJ021627-041438  34.110775  -4.243829 0.1540  24.112 0.15367
    3 HSCJ021733-051300  34.385641  -5.216567 0.6741  21.702 0.63500
    4 HSCJ021832-050049  34.632000  -5.013610 0.8873  18.684 -1.0
    5 HSCJ021931-040418  34.877491  -4.071532 0.6060  19.484 0.59879
    6 HSCJ021942-045231  34.922934  -4.875217 0.2946  16.883 0.33283
    7 HSCJ022015-045353  35.060646  -4.897995 0.9038  15.502 0.90902
    8 HSCJ022035-034741  35.146465  -3.794837 1.0718  18.551 -1.0
    9 HSCJ022056-033348  35.231593  -3.563309 1.0500  23.396 -1.0
   10 HSCJ022105-052427  35.269519  -5.407374 0.8341  16.941 0.82629
   11 HSCJ022106-033229  35.274486  -3.541460 0.5525  15.511 0.57736
   12 HSCJ022137-051838  35.403212  -5.310504 0.8560  21.304 -1.0
   13 HSCJ022146-034619  35.440629  -3.771930 0.4201  55.183 0.43288
   14 HSCJ022158-034001  35.490577  -3.666852 1.0755  40.028 1.03199
   15 HSCJ022205-043300  35.519050  -4.550071 0.3180  20.684 0.31877
   16 HSCJ022253-032823  35.720258  -3.473051 1.0280  22.503 -1.0
   17 HSCJ022320-052715  35.834182  -5.454182 0.2160  15.325 -1.0
   18 HSCJ022342-043052  35.924079  -4.514358 0.4366  16.772 0.43604
   19 HSCJ022343-050201  35.927391  -5.033622 0.8667  22.831 0.85890
   20 HSCJ022351-053640  35.960492  -5.611032 0.5145  16.644 0.49840
   21 HSCJ022358-043416  35.991297  -4.571116 0.4864  22.735 0.49943
   22 HSCJ022359-034354  35.996590  -3.731679 0.8380  25.412 -1.0
   23 HSCJ022401-032535  36.002643  -3.426513 0.8025  30.675 -1.0
   24 HSCJ022414-042830  36.057435  -4.474929 0.8940  15.415 0.86322
   25 HSCJ022420-033626  36.083815  -3.607354 0.6280  19.618 0.61130
   26 HSCJ022423-044316  36.096879  -4.721137 0.4883  15.848 0.49690
   27 HSCJ022433-041419  36.138500  -4.238717 0.2640  17.749 -1.0
   28 HSCJ022434-045007  36.139610  -4.835349 0.4840  20.933 0.49460
   29 HSCJ022520-041901  36.331949  -4.317038 0.1582  19.262 0.14341
   30 HSCJ022537-042510  36.404118  -4.419550 0.9040  18.835 0.86983
   31 HSCJ022625-044617  36.604195  -4.771380 0.8904  15.748 0.88480
   32 HSCJ022633-050031  36.636886  -5.008635 0.4975  17.602 0.49757
   33 HSCJ022715-050432  36.813272  -5.075645 0.1576  23.973 0.14309
   34 HSCJ022752-040008  36.965449  -4.002185 0.8628  16.276 -1.0
   35 HSCJ022804-045100  37.018689  -4.849873 0.2819  32.512 0.29408
   36 HSCJ022828-042608  37.115947  -4.435444 0.4176  22.766 0.43204
   37 HSCJ022829-045939  37.121887  -4.994112 0.3300  24.185 0.33416
   38 HSCJ022831-044351  37.130255  -4.730871 0.5960  26.080 0.61139
   39 HSCJ022933-043948  37.387769  -4.663239 0.6080  24.056 0.62504
   40 HSCJ095422+011741 148.593052   1.294678 0.4420  16.479 0.45202
   41 HSCJ095431+025703 148.631076   2.950832 0.3420  21.094 0.40332
   42 HSCJ095458+030823 148.741737   3.139672 0.3356  16.907 0.34352
   43 HSCJ095528+013947 148.866921   1.662986 0.1045  22.015 0.09841
   44 HSCJ095536+010310 148.898166   1.052660 0.4449  30.363 0.45367
   45 HSCJ095606+023650 149.024477   2.613958 0.4820  20.357 0.48299
   46 HSCJ095608+015910 149.033264   1.986229 0.9760  35.857 -1.0
   47 HSCJ095626+015522 149.108920   1.922838 0.9661  20.306 -1.0
   48 HSCJ095641+023643 149.172174   2.612019 0.7424  19.748 -1.0
   49 HSCJ095728+033956 149.365904   3.665492 0.1700  26.829 0.16461
   50 HSCJ095742+023352 149.424323   2.564431 0.3480  39.641 -1.0
   51 HSCJ095746+022533 149.441579   2.425931 0.4964  18.347 0.48068
   52 HSCJ095748+030335 149.451333   3.059674 0.9091  25.132 -1.0
   53 HSCJ095805+032643 149.521020   3.445162 0.1656  35.264 0.17021
   54 HSCJ095824+024916 149.600085   2.821161 0.3342  17.006 0.34348
   55 HSCJ095903+025545 149.761348   2.929082 0.3319  29.174 0.34852
   56 HSCJ095917+031504 149.822353   3.251223 0.9120  16.007 -1.0
   57 HSCJ095918+033052 149.826347   3.514335 0.7434  20.967 0.71729
   58 HSCJ095921+011752 149.837662   1.297751 0.1050  35.098 0.09464
   59 HSCJ095922+011559 149.840255   1.266424 0.3520  17.903 -1.0
   60 HSCJ095937+022959 149.902977   2.499796 0.7300  15.269 0.73955
   61 HSCJ095938+031001 149.906606   3.167030 0.2960  15.254 0.30445
   62 HSCJ095954+022017 149.973124   2.338002 0.9469  15.491 0.94506
   63 HSCJ100017+031547 150.072592   3.263156 0.1078  15.030 -1.0
   64 HSCJ100019+011113 150.077892   1.186856 0.2340  16.556 0.24772
   65 HSCJ100022+022328 150.090897   2.391222 0.2157  32.726 -1.0
   66 HSCJ100049+013820 150.203903   1.638903 0.2073  23.713 0.21630
   67 HSCJ100107+005654 150.277991   0.948314 0.8640  21.450 -1.0
   68 HSCJ100131+022640 150.380646   2.444314 0.3339  15.186 0.34671
   69 HSCJ100136+022642 150.401933   2.445032 0.1230  15.923 0.12343
   70 HSCJ100215+032802 150.564557   3.467157 0.9559  17.071 -1.0
   71 HSCJ100224+033748 150.598574   3.629862 0.1533  15.685 0.18724
   72 HSCJ100231+024610 150.630158   2.769559 0.2106  17.542 0.24960
   73 HSCJ100252+031427 150.716322   3.240901 0.5400  21.254 0.53598
   74 HSCJ100334+025053 150.892629   2.848155 0.1020  18.480 0.10381
   75 HSCJ100343+025049 150.927345   2.847040 0.1717  17.074 0.18524
   76 HSCJ100358+010537 150.993427   1.093746 0.7502  18.307 0.75110
   77 HSCJ100452+025434 151.214731   2.909356 0.1116  17.524 0.10644
   78 HSCJ100500+015703 151.249695   1.950800 0.9272  18.166 -1.0
   79 HSCJ100519+013106 151.330099   1.518258 0.9376  15.313 -1.0
   80 HSCJ100520+015221 151.333970   1.872514 0.1940  20.249 0.22796
   81 HSCJ100529+025750 151.370932   2.963976 0.4902  23.877 -1.0
   82 HSCJ100532+023518 151.381354   2.588446 0.3560  69.023 0.36961
   83 HSCJ100543+013458 151.429468   1.582711 0.8284  19.409 -1.0
   84 HSCJ100543+033159 151.430033   3.533073 0.6980  18.519 -1.0
   85 HSCJ100600+015245 151.500802   1.879228 0.9509  15.811 -1.0
   86 HSCJ100655+013433 151.729312   1.575970 0.9228  19.395 -1.0
   87 HSCJ100705+012909 151.772453   1.485767 0.9280  17.331 -1.0
   88 HSCJ160159+552418 240.495572  55.404899 0.3820  31.838 0.40027
   89 HSCJ160309+550637 240.788521  55.110334 0.4629  16.372 -1.0
   90 HSCJ160441+551238 241.170644  55.210476 0.3630  18.519 -1.0
   91 HSCJ160448+543054 241.198005  54.514919 0.2520  74.087 -1.0
   92 HSCJ160503+553704 241.264030  55.617673 0.2300  33.275 -1.0
   93 HSCJ160508+545208 241.283472  54.869015 0.5951  18.100 0.61227
   94 HSCJ160513+543842 241.304510  54.645060 0.6829  16.271 -1.0
   95 HSCJ160538+551316 241.407668  55.221097 0.2400  15.126 -1.0
   96 HSCJ160553+544515 241.471303  54.754028 0.2534  20.078 0.26298
   97 HSCJ160555+541238 241.479713  54.210590 0.8920  29.784 -1.0
   98 HSCJ160600+545758 241.498093  54.966241 0.5400  22.090 -1.0
   99 HSCJ160605+542841 241.520300  54.477985 0.7729  37.226 0.77245
  100 HSCJ160628+544945 241.614607  54.829082 0.6680  17.812 -1.0
  101 HSCJ160633+535359 241.637585  53.899638 0.3620  31.063 0.35300
  102 HSCJ160640+551809 241.665657  55.302376 0.6300  21.746 -1.0
  103 HSCJ160724+550145 241.849054  55.029271 0.5646  21.621 -1.0
  104 HSCJ160749+543612 241.952163  54.603332 0.3680  16.157 0.38759
  105 HSCJ160805+540814 242.019139  54.137239 0.2320  15.733 -1.0
  106 HSCJ160808+541724 242.032268  54.290108 0.8809  24.413 -1.0
  107 HSCJ160810+564614 242.040818  56.770463 0.4687  16.710 0.47897
  108 HSCJ160847+540449 242.197576  54.080284 0.9780  26.023 -1.0
  109 HSCJ160900+545634 242.248350  54.942810 0.9041  15.864 -1.0
  110 HSCJ160903+534302 242.261542  53.717195 0.7360  24.622 0.73492
  111 HSCJ161005+534817 242.521186  53.804859 0.2460  16.237 0.22809
  112 HSCJ161045+540547 242.687682  54.096305 0.3429  28.948 -1.0
  113 HSCJ161049+552623 242.704426  55.439643 0.6405  16.513 -1.0
  114 HSCJ161053+561657 242.720874  56.282436 0.2860  21.247 -1.0
  115 HSCJ161102+554726 242.756754  55.790478 0.2507  27.810 -1.0
  116 HSCJ161109+551429 242.787596  55.241311 0.7752  15.953 -1.0
  117 HSCJ161111+562145 242.793961  56.362578 0.3536  18.057 0.33671
  118 HSCJ161112+553451 242.798730  55.580791 0.2240  42.179 0.21704
  119 HSCJ161136+541635 242.899722  54.276265 0.3500  49.676 0.33740
  120 HSCJ161154+562442 242.974722  56.411667 0.4267  19.246 0.42145
  121 HSCJ161217+532154 243.070162  53.365004 0.1660  21.357 -1.0
  122 HSCJ161224+543826 243.099137  54.640455 0.2180  16.122 0.21043
  123 HSCJ161225+555438 243.103338  55.910498 0.2551  36.153 0.26621
  124 HSCJ161240+534247 243.165566  53.713140 0.1420  15.876 0.13225
  125 HSCJ161242+562402 243.174028  56.400677 0.6391  19.408 -1.0
  126 HSCJ161245+560650 243.186267  56.113779 0.4859  15.034 -1.0
  127 HSCJ161245+542749 243.186786  54.463480 0.4800  15.257 -1.0
  128 HSCJ161249+550239 243.205028  55.044298 0.4883  18.689 0.49183
  129 HSCJ161249+540837 243.205997  54.143574 0.1032  17.207 0.15161
  130 HSCJ161257+533514 243.239389  53.587321 1.0600  15.893 -1.0
  131 HSCJ161259+555925 243.245019  55.990334 0.9100  27.137 -1.0
  132 HSCJ161300+540438 243.249997  54.077155 0.1540  24.708 -1.0
  133 HSCJ161317+560119 243.322797  56.022022 0.4921  22.847 0.48991
  134 HSCJ161357+544820 243.486984  54.805542 0.4218  17.213 -1.0
  135 HSCJ161402+554115 243.510181  55.687445 0.8960  16.466 -1.0
  136 HSCJ161410+554123 243.541659  55.689802 0.2440  16.924 -1.0
  137 HSCJ161413+540413 243.554910  54.070172 0.8601  50.568 0.85872
  138 HSCJ161415+544328 243.564102  54.724549 0.3352  59.412 0.33286
  139 HSCJ161424+533717 243.598393  53.621261 0.8240  18.660 -1.0
  140 HSCJ161429+555719 243.619557  55.955182 0.8960  28.840 -1.0
  141 HSCJ161434+542551 243.643496  54.430890 0.2340  31.523 0.23271
  142 HSCJ161538+535634 243.907763  53.942864 0.5949  22.728 -1.0
  143 HSCJ161601+533934 244.006155  53.659543 0.8441  21.699 -1.0
  144 HSCJ161634+553955 244.142882  55.665300 0.2460  24.479 0.24259
  145 HSCJ161641+554512 244.172128  55.753432 1.1400  43.039 -1.0
  146 HSCJ161654+550833 244.223139  55.142611 0.4211  18.359 0.43101
  147 HSCJ161705+545149 244.268911  54.863539 0.4447  22.449 -1.0
  148 HSCJ161810+545922 244.541398  54.989308 0.4406  17.957 -1.0
  149 HSCJ161822+543129 244.590766  54.524610 0.7872  33.318 -1.0
  150 HSCJ161826+542543 244.607685  54.428488 0.5534  19.952 0.55225
  151 HSCJ161831+543828 244.630500  54.641055 0.5566  21.945 0.55361
  152 HSCJ161838+551714 244.659446  55.287137 0.2620  27.721 0.26894
  153 HSCJ161915+551341 244.811419  55.228052 0.3460  24.596 0.34322
  154 HSCJ161925+551436 244.853052  55.243413 0.6720  30.997 -1.0
  155 HSCJ161935+545306 244.895968  54.884872 0.4831  19.438 0.48515
  156 HSCJ162110+544918 245.290275  54.821797 0.7400  18.681 -1.0
  157 HSCJ162118+550136 245.325351  55.026552 0.6720  19.544 -1.0
  158 HSCJ162124+545851 245.350726  54.980707 0.2400  16.418 -1.0
  159 HSCJ232209-012057 350.537061  -1.349056 0.3646  22.400 0.35187
  160 HSCJ232230-001747 350.626162  -0.296398 0.2403  15.617 -1.0
  161 HSCJ232305-010137 350.769886  -1.026980 0.3859  17.540 0.38779
  162 HSCJ232312-003303 350.800245  -0.550782 0.7994  15.230 -1.0
  163 HSCJ232349-013309 350.952738  -1.552526 0.4267  16.680 -1.0
  164 HSCJ232432+001937 351.133169   0.326810 0.1473  19.173 0.10124
  165 HSCJ232507+003920 351.277473   0.655670 0.6620  20.652 0.67346
  166 HSCJ232540-001112 351.417928  -0.186556 0.5700  21.111 0.56904
  167 HSCJ232619+003017 351.578286   0.504798 1.1659  20.133 -1.0
  168 HSCJ232642+003343 351.673441   0.561946 1.0941  15.515 -1.0
  169 HSCJ232707-002400 351.777523  -0.400002 0.2982  15.620 0.27936
  170 HSCJ232712-011218 351.799304  -1.204903 0.2429  15.166 -1.0
  171 HSCJ232732+005634 351.882814   0.942803 0.2804  54.257 0.27881
  172 HSCJ232734+003627 351.890120   0.607418 0.4533  16.022 -1.0
  173 HSCJ232736+002554 351.900240   0.431596 0.7675  16.508 -1.0
  174 HSCJ232745+005727 351.936803   0.957510 0.6599  20.122 0.64572
  175 HSCJ232809+001109 352.038520   0.185914 0.2610  19.930 0.27683
  176 HSCJ232823+002325 352.095864   0.390248 0.4064  20.390 0.40785
  177 HSCJ232914-012450 352.307749  -1.413830 0.5020  18.622 0.51160
  178 HSCJ232919+000805 352.328988   0.134766 0.4020  16.837 0.40451
  179 HSCJ232948-012048 352.449291  -1.346617 0.5278  30.000 0.53728
  180 HSCJ232948-000955 352.451585  -0.165396 0.9487  15.161 -1.0
  181 HSCJ233007-003646 352.527904  -0.612692 0.1838  19.947 0.17620
  182 HSCJ233015-011940 352.564211  -1.327713 0.5100  25.711 -1.0
  183 HSCJ233031+003810 352.628829   0.636222 0.2720  23.561 -1.0
  184 HSCJ233052-000218 352.716280  -0.038260 0.3054  15.780 0.30080
  185 HSCJ233052+003808 352.717227   0.635648 0.7384  15.175 -1.0
  186 HSCJ233055-001107 352.729938  -0.185273 0.4682  16.896 -1.0
  187 HSCJ233100-012201 352.750534  -1.367059 0.8123  19.803 -1.0
  188 HSCJ233101+002310 352.753631   0.386238 0.7806  24.731 0.78269
  189 HSCJ233109-013002 352.789412  -1.500420 1.1500  21.986 -1.0
  190 HSCJ233119+003447 352.828310   0.579849 0.5100  19.194 0.45579
  191 HSCJ233126+003655 352.860196   0.615248 0.2881  34.034 0.27394
  192 HSCJ233150+003043 352.957817   0.512076 0.6255  15.792 -1.0
  193 HSCJ233213-002825 353.055942  -0.473532 1.1600  15.011 -1.0
  194 HSCJ233233-000404 353.139099  -0.067782 0.5140  16.527 0.51373
  195 HSCJ233241-010527 353.170383  -1.090950 0.5400  17.983 0.52510
  196 HSCJ233242-001441 353.173831  -0.244603 1.1373  35.528 -1.0
  197 HSCJ233328-000122 353.366243  -0.022749 0.5100  22.069 0.51191
