# CAMIRA HSC S19A Deep/UD cluster catalog without star mask
# (updated version of catalog presented in Oguri+2018, PASJ, 70, S20)
# column 1: ID
# column 2: Name
# column 3: RA [deg]
# column 4: Dec [deg]
# column 5: cluster photometric redshift z_cl
# column 6: richness N_mem
# column 7: spectroscopic redshift of BCG (-1.0 if not available)
    1 HSCJ021500-045156  33.748471  -4.865602 0.8899  18.093 0.89100
    2 HSCJ021511-050339  33.797091  -5.060868 0.7300  17.999 0.75579
    3 HSCJ021528-044041  33.867660  -4.678114 0.3291  25.946 0.34785
    4 HSCJ021616-041211  34.066381  -4.203099 0.1440  17.294 0.15109
    5 HSCJ021733-051300  34.385644  -5.216570 0.6660  26.636 0.64330
    6 HSCJ021754-052706  34.475752  -5.451609 0.7044  18.421 -1.0
    7 HSCJ021832-050059  34.633562  -5.016490 0.8920  18.352 0.88476
    8 HSCJ021929-040352  34.872563  -4.064544 0.5900  18.208 0.60463
    9 HSCJ021929-040508  34.872764  -4.085487 1.0420  15.763 1.04208
   10 HSCJ021942-045231  34.922938  -4.875219 0.2972  21.234 0.33280
   11 HSCJ022015-045353  35.060649  -4.897996 0.9000  17.801 0.90820
   12 HSCJ022035-034741  35.146471  -3.794839 1.0560  19.755 -1.0
   13 HSCJ022056-033348  35.231592  -3.563311 1.0550  29.664 -1.0
   14 HSCJ022100-040309  35.249615  -4.052632 1.0416  15.023 -1.0
   15 HSCJ022105-052427  35.269522  -5.407380 0.8260  17.123 0.82629
   16 HSCJ022107-033127  35.278657  -3.524114 0.5771  16.569 0.55178
   17 HSCJ022108-035441  35.285138  -3.911431 0.8881  15.139 -1.0
   18 HSCJ022137-051838  35.403232  -5.310516 0.8499  24.889 -1.0
   19 HSCJ022146-034619  35.440625  -3.771929 0.4200  59.589 0.43314
   20 HSCJ022156-034054  35.481354  -3.681587 1.0551  34.787 -1.0
   21 HSCJ022202-043205  35.510182  -4.534675 0.3157  23.231 0.31866
   22 HSCJ022247-035437  35.693790  -3.910258 1.1300  15.010 -1.0
   23 HSCJ022253-032823  35.720263  -3.473048 1.0349  26.201 -1.0
   24 HSCJ022342-043052  35.924081  -4.514362 0.4348  19.530 0.43608
   25 HSCJ022343-050201  35.927395  -5.033623 0.8720  26.698 0.85930
   26 HSCJ022351-053640  35.960495  -5.611034 0.5159  18.543 0.49843
   27 HSCJ022358-043416  35.991296  -4.571121 0.4760  17.071 0.49943
   28 HSCJ022359-034354  35.996590  -3.731679 0.8426  23.826 -1.0
   29 HSCJ022401-032536  36.002641  -3.426532 0.8034  27.600 -1.0
   30 HSCJ022404-041327  36.017478  -4.224061 1.1040  22.140 -1.0
   31 HSCJ022414-042830  36.057436  -4.474931 0.8882  15.768 0.86310
   32 HSCJ022415-045357  36.062456  -4.899255 0.8650  15.354 -1.0
   33 HSCJ022420-033626  36.083812  -3.607356 0.6160  23.066 0.61123
   34 HSCJ022433-041419  36.138503  -4.238717 0.2640  19.776 0.26365
   35 HSCJ022434-045007  36.139610  -4.835347 0.4920  19.284 0.49423
   36 HSCJ022434-044618  36.142834  -4.771535 0.8606  16.793 -1.0
   37 HSCJ022457-034853  36.238838  -3.814750 0.6300  26.402 -1.0
   38 HSCJ022531-041419  36.378200  -4.238517 0.1640  23.856 0.14287
   39 HSCJ022537-042510  36.404116  -4.419550 0.9021  19.881 0.86983
   40 HSCJ022618-035958  36.575583  -3.999447 0.2100  18.107 0.20930
   41 HSCJ022633-050031  36.636883  -5.008636 0.4890  17.459 0.49769
   42 HSCJ022636-040410  36.648636  -4.069551 0.3501  17.768 0.34554
   43 HSCJ022655-040516  36.728705  -4.087909 0.7734  16.466 -1.0
   44 HSCJ022715-050432  36.813271  -5.075645 0.1580  23.381 0.14311
   45 HSCJ022752-040008  36.965451  -4.002185 0.8596  19.195 -1.0
   46 HSCJ022804-045100  37.018690  -4.849875 0.2775  27.985 0.29414
   47 HSCJ022828-042608  37.115952  -4.435440 0.4178  22.848 0.43208
   48 HSCJ022829-045939  37.121890  -4.994114 0.3380  23.853 0.33415
   49 HSCJ022831-044351  37.130255  -4.730874 0.5821  30.321 0.61142
   50 HSCJ022833-040229  37.138809  -4.041448 0.3200  15.475 0.32949
   51 HSCJ022933-043948  37.387777  -4.663239 0.6201  26.341 0.62485
   52 HSCJ095422+011741 148.593050   1.294676 0.4618  15.475 0.45198
   53 HSCJ095515+025735 148.813612   2.959721 0.3212  15.837 -1.0
   54 HSCJ095528+013947 148.866922   1.662985 0.1040  20.935 0.09841
   55 HSCJ095536+010310 148.898152   1.052658 0.4508  24.584 0.45367
   56 HSCJ095536+030248 148.901951   3.046550 0.8059  15.436 -1.0
   57 HSCJ095539+025723 148.911516   2.956456 0.8649  18.517 -1.0
   58 HSCJ095553+022107 148.969950   2.351858 1.0160  16.950 -1.0
   59 HSCJ095554+012431 148.973589   1.408519 0.3382  15.289 -1.0
   60 HSCJ095606+023650 149.024473   2.613957 0.4940  22.841 0.48300
   61 HSCJ095608+015910 149.033264   1.986224 0.9760  39.765 -1.0
   62 HSCJ095609+031818 149.037233   3.305095 0.3331  15.668 0.31358
   63 HSCJ095626+015522 149.108921   1.922837 0.9601  23.226 -1.0
   64 HSCJ095631+030601 149.129456   3.100139 0.3393  15.532 -1.0
   65 HSCJ095641+023643 149.172169   2.612018 0.7380  18.042 -1.0
   66 HSCJ095649+023637 149.204378   2.610201 0.5560  18.258 0.54080
   67 HSCJ095728+033956 149.365901   3.665493 0.1690  26.063 0.16461
   68 HSCJ095736+023359 149.401205   2.566327 0.3959  31.402 -1.0
   69 HSCJ095743+005441 149.427236   0.911281 0.2134  16.644 0.21854
   70 HSCJ095748+030335 149.451331   3.059675 0.8821  22.756 -1.0
   71 HSCJ095805+032643 149.521027   3.445166 0.1680  44.294 0.17021
   72 HSCJ095823+005309 149.596420   0.885926 0.9350  21.815 -1.0
   73 HSCJ095824+024916 149.600088   2.821160 0.3454  20.407 0.34456
   74 HSCJ095829+004341 149.619917   0.728117 0.9019  17.193 -1.0
   75 HSCJ095837+011104 149.655546   1.184512 0.6657  21.204 -1.0
   76 HSCJ095847+033822 149.694891   3.639572 0.4411  21.542 0.42965
   77 HSCJ095853+005804 149.722219   0.967784 0.6500  20.196 0.66990
   78 HSCJ095903+025545 149.761347   2.929083 0.3356  35.291 0.34852
   79 HSCJ095917+031504 149.822353   3.251225 0.9010  16.433 -1.0
   80 HSCJ095918+033052 149.826348   3.514334 0.7340  24.227 0.71737
   81 HSCJ095921+011752 149.837663   1.297749 0.1036  32.582 0.09463
   82 HSCJ095922+021723 149.841867   2.289679 0.3492  15.656 -1.0
   83 HSCJ095925+011503 149.852812   1.250914 0.3440  28.248 0.36321
   84 HSCJ095927+010121 149.861203   1.022517 0.3431  17.050 -1.0
   85 HSCJ095938+031001 149.906604   3.167028 0.3020  15.258 0.30445
   86 HSCJ095938+023035 149.909075   2.509789 0.7340  22.733 -1.0
   87 HSCJ095953+005304 149.970229   0.884342 0.2020  17.124 -1.0
   88 HSCJ095958+030233 149.992610   3.042448 0.1076  16.943 0.09071
   89 HSCJ100006+011823 150.027049   1.306385 0.2200  18.409 -1.0
   90 HSCJ100015+011002 150.063346   1.167104 0.2519  18.197 -1.0
   91 HSCJ100022+032416 150.089717   3.404583 0.9615  22.105 -1.0
   92 HSCJ100022+022328 150.090893   2.391224 0.2179  38.370 0.22057
   93 HSCJ100049+013820 150.203902   1.638902 0.2088  28.196 0.21630
   94 HSCJ100057+013142 150.238619   1.528438 0.3616  16.182 0.36318
   95 HSCJ100108+005630 150.281399   0.941535 0.8373  19.198 -1.0
   96 HSCJ100114+011551 150.307791   1.264141 0.6780  19.310 -1.0
   97 HSCJ100121+025917 150.335430   2.988139 0.4973  15.165 -1.0
   98 HSCJ100125+010029 150.353655   1.008046 0.1020  15.688 0.09322
   99 HSCJ100157+004800 150.485659   0.800005 0.9460  17.920 -1.0
  100 HSCJ100215+032802 150.564549   3.467158 0.9349  20.513 -1.0
  101 HSCJ100231+024610 150.630156   2.769559 0.2117  18.188 0.24960
  102 HSCJ100252+031427 150.716319   3.240901 0.5449  31.126 0.53598
  103 HSCJ100259+030547 150.746526   3.096468 0.9180  21.395 -1.0
  104 HSCJ100300+013152 150.750450   1.531020 0.6464  24.669 0.66914
  105 HSCJ100308+030637 150.783358   3.110311 0.5381  16.289 0.53532
  106 HSCJ100317+031207 150.820401   3.201886 0.9859  22.879 -1.0
  107 HSCJ100340+024624 150.914601   2.773258 0.1728  20.853 -1.0
  108 HSCJ100358+010537 150.993427   1.093745 0.7439  21.751 0.75110
  109 HSCJ100359+023701 150.996839   2.616874 0.3300  18.747 0.35058
  110 HSCJ100422+021605 151.091372   2.268041 1.0240  15.033 -1.0
  111 HSCJ100438+024004 151.157293   2.667806 0.3359  16.326 0.37180
  112 HSCJ100452+025434 151.214727   2.909356 0.1163  20.637 0.10644
  113 HSCJ100459+015442 151.245919   1.911797 0.2107  18.958 0.22503
  114 HSCJ100500+015703 151.249691   1.950797 0.9243  19.206 -1.0
  115 HSCJ100500+015315 151.250588   1.887433 0.9317  21.172 -1.0
  116 HSCJ100527+015344 151.363321   1.895460 0.8269  16.342 0.81960
  117 HSCJ100531+025813 151.378541   2.970341 0.4981  29.728 0.48460
  118 HSCJ100532+023518 151.381352   2.588444 0.3456  78.698 0.36963
  119 HSCJ100543+013458 151.429465   1.582710 0.8107  19.200 -1.0
  120 HSCJ100543+033159 151.430036   3.533071 0.7020  17.437 -1.0
  121 HSCJ100600+015245 151.500803   1.879226 0.9280  15.028 -1.0
  122 HSCJ100655+013433 151.729301   1.575965 0.9280  15.369 -1.0
  123 HSCJ100656+025539 151.731593   2.927485 0.9363  26.513 -1.0
  124 HSCJ160101+551225 240.253457  55.207046 1.1893  16.343 -1.0
  125 HSCJ160106+543223 240.275614  54.539622 0.2540  15.416 -1.0
  126 HSCJ160159+552418 240.495567  55.404904 0.3987  35.375 0.40025
  127 HSCJ160412+554201 241.048939  55.700142 0.3200  16.607 -1.0
  128 HSCJ160424+550759 241.101386  55.133045 0.7360  15.903 -1.0
  129 HSCJ160434+551301 241.141994  55.217048 0.3720  19.336 0.39354
  130 HSCJ160436+555704 241.151256  55.951104 0.3900  39.422 -1.0
  131 HSCJ160439+543137 241.164026  54.526880 0.2704  83.810 -1.0
  132 HSCJ160502+553750 241.258615  55.630651 0.2400  61.088 0.25121
  133 HSCJ160508+545208 241.283483  54.869018 0.6027  22.787 0.61222
  134 HSCJ160534+544807 241.392495  54.801982 0.4672  16.119 0.46811
  135 HSCJ160538+551316 241.407668  55.221101 0.2540  17.731 -1.0
  136 HSCJ160551+544727 241.460632  54.790940 0.2603  27.917 0.23298
  137 HSCJ160555+541238 241.479712  54.210593 0.8781  28.147 -1.0
  138 HSCJ160602+545855 241.509163  54.981935 0.5400  19.710 -1.0
  139 HSCJ160605+542841 241.520304  54.477982 0.7616  37.591 0.77254
  140 HSCJ160621+545643 241.587013  54.945297 0.6720  22.444 0.67244
  141 HSCJ160628+544945 241.614605  54.829085 0.6867  18.569 -1.0
  142 HSCJ160633+535359 241.637584  53.899642 0.3537  44.189 0.35299
  143 HSCJ160639+560806 241.663268  56.135086 0.7800  32.422 0.79335
  144 HSCJ160640+551809 241.665652  55.302375 0.6300  18.316 -1.0
  145 HSCJ160644+552845 241.685109  55.479192 0.7936  18.439 -1.0
  146 HSCJ160724+550145 241.849049  55.029270 0.5844  16.965 -1.0
  147 HSCJ160800+560614 241.999373  56.103996 0.4083  17.377 0.41201
  148 HSCJ160808+541724 242.032268  54.290106 0.8720  19.453 -1.0
  149 HSCJ160810+564614 242.040819  56.770464 0.4780  22.655 0.47898
  150 HSCJ160827+531435 242.113806  53.242984 0.1856  22.937 0.16139
  151 HSCJ160840+540557 242.166972  54.099030 0.9740  26.828 -1.0
  152 HSCJ160903+534302 242.261535  53.717195 0.7380  26.322 0.73489
  153 HSCJ160950+555727 242.460184  55.957582 0.1440  15.666 -1.0
  154 HSCJ160957+533034 242.487290  53.509335 0.5701  15.064 0.60106
  155 HSCJ161038+540531 242.658004  54.091908 0.3380  41.021 0.33871
  156 HSCJ161049+552623 242.704428  55.439643 0.6717  21.495 -1.0
  157 HSCJ161101+561748 242.752403  56.296799 0.2922  32.085 -1.0
  158 HSCJ161107+554736 242.778891  55.793242 0.2560  25.679 0.25015
  159 HSCJ161112+553451 242.798730  55.580792 0.2320  53.156 0.21704
  160 HSCJ161136+541635 242.899725  54.276265 0.3429  54.755 0.33741
  161 HSCJ161154+562442 242.974724  56.411674 0.4300  18.547 0.42145
  162 HSCJ161221+532107 243.087390  53.351912 0.1775  23.117 0.16207
  163 HSCJ161225+555438 243.103341  55.910496 0.2580  36.856 0.26624
  164 HSCJ161235+534048 243.147754  53.679913 0.2620  17.275 -1.0
  165 HSCJ161240+534247 243.165569  53.713138 0.1440  15.892 0.13226
  166 HSCJ161241+562423 243.171343  56.406427 0.6680  16.262 -1.0
  167 HSCJ161249+550239 243.205029  55.044300 0.4946  19.872 0.49190
  168 HSCJ161249+540837 243.205993  54.143572 0.1624  25.470 0.15164
  169 HSCJ161257+533514 243.239396  53.587323 1.0651  15.385 -1.0
  170 HSCJ161259+555925 243.245019  55.990337 0.8960  30.101 -1.0
  171 HSCJ161317+560119 243.322798  56.022026 0.4951  23.851 0.48996
  172 HSCJ161357+544820 243.486985  54.805543 0.4343  20.607 -1.0
  173 HSCJ161402+554115 243.510182  55.687442 0.8755  23.265 -1.0
  174 HSCJ161409+533145 243.538290  53.529284 0.1860  18.544 0.16175
  175 HSCJ161412+554132 243.549793  55.692331 0.2520  20.822 0.25077
  176 HSCJ161415+544328 243.564101  54.724548 0.3380  54.935 0.33289
  177 HSCJ161417+540433 243.570704  54.075921 0.8460  40.537 -1.0
  178 HSCJ161429+555719 243.619562  55.955184 0.8679  27.381 -1.0
  179 HSCJ161434+542551 243.643494  54.430887 0.2380  32.907 0.23271
  180 HSCJ161500+563311 243.750584  56.552943 0.8440  18.259 -1.0
  181 HSCJ161531+545230 243.879656  54.875089 0.3200  15.603 0.32936
  182 HSCJ161538+535634 243.907763  53.942863 0.6060  23.621 -1.0
  183 HSCJ161553+533908 243.970085  53.652298 0.8298  23.950 -1.0
  184 HSCJ161554+532621 243.976473  53.439127 0.3743  29.315 0.39274
  185 HSCJ161634+553955 244.142882  55.665299 0.2595  33.317 0.24263
  186 HSCJ161641+554512 244.172126  55.753436 1.1648  48.695 -1.0
  187 HSCJ161654+550833 244.223138  55.142604 0.4340  18.786 0.43108
  188 HSCJ161657+544932 244.237715  54.825641 0.4655  17.098 -1.0
  189 HSCJ161658+561301 244.240048  56.216985 1.1641  16.434 -1.0
  190 HSCJ161825+543146 244.602250  54.529410 0.7771  32.613 -1.0
  191 HSCJ161826+542543 244.607683  54.428486 0.5560  24.318 0.55220
  192 HSCJ161831+553016 244.628494  55.504413 0.5780  15.381 0.59651
  193 HSCJ161831+543828 244.630493  54.641058 0.5661  15.052 0.55359
  194 HSCJ161834+551751 244.642373  55.297390 0.2734  30.662 0.26424
  195 HSCJ161915+551341 244.811418  55.228053 0.3465  15.915 0.34323
  196 HSCJ161925+551436 244.853052  55.243415 0.6833  32.618 -1.0
  197 HSCJ162118+550136 245.325343  55.026553 0.6782  18.481 -1.0
  198 HSCJ162139+545743 245.413725  54.961943 0.2420  19.520 0.26700
  199 HSCJ232114-010142 350.308637  -1.028310 0.7893  19.427 -1.0
  200 HSCJ232209-012057 350.537064  -1.349063 0.3640  23.771 0.35187
  201 HSCJ232214-005813 350.556836  -0.970254 0.7700  15.750 -1.0
  202 HSCJ232226-002344 350.607667  -0.395524 0.2601  83.094 0.27832
  203 HSCJ232246-010545 350.689794  -1.095794 0.9460  15.819 -1.0
  204 HSCJ232303-010243 350.761887  -1.045314 0.3580  18.291 0.38911
  205 HSCJ232312-003303 350.800246  -0.550782 0.8064  15.863 -1.0
  206 HSCJ232349-013309 350.952740  -1.552527 0.4244  23.334 -1.0
  207 HSCJ232412+001514 351.050955   0.253981 0.7060  15.940 -1.0
  208 HSCJ232422+001909 351.089974   0.319073 0.1554  23.759 0.14946
  209 HSCJ232454+000453 351.227082   0.081361 0.8440  15.271 -1.0
  210 HSCJ232507+003920 351.277473   0.655669 0.6700  25.306 0.67326
  211 HSCJ232540-001112 351.417923  -0.186556 0.5636  20.640 0.56907
  212 HSCJ232611+000719 351.544377   0.121899 0.4251  16.145 0.46525
  213 HSCJ232619+003017 351.578285   0.504802 1.1710  28.244 -1.0
  214 HSCJ232634+003731 351.640243   0.625361 0.7893  15.421 -1.0
  215 HSCJ232658+004145 351.740620   0.695868 1.0989  16.053 -1.0
  216 HSCJ232707-002400 351.777526  -0.399999 0.2960  18.496 0.27940
  217 HSCJ232723-002944 351.844876  -0.495491 0.7780  18.418 -1.0
  218 HSCJ232732+005634 351.882813   0.942801 0.2780  55.922 0.27881
  219 HSCJ232734+003627 351.890125   0.607419 0.4480  20.449 -1.0
  220 HSCJ232745+005727 351.936800   0.957509 0.6500  30.633 0.64596
  221 HSCJ232809+001109 352.038528   0.185913 0.2601  16.990 0.27683
  222 HSCJ232823+002325 352.095867   0.390249 0.4031  15.945 0.40785
  223 HSCJ232847-013449 352.194988  -1.580276 0.9379  23.446 -1.0
  224 HSCJ232848+004456 352.202002   0.749012 0.4925  16.479 -1.0
  225 HSCJ232917+001535 352.322226   0.259796 0.6120  15.972 0.59371
  226 HSCJ232919+000805 352.328989   0.134766 0.4025  19.550 0.40451
  227 HSCJ232923-000835 352.345171  -0.143131 0.8700  17.770 -1.0
  228 HSCJ232940-004752 352.418510  -0.797731 0.8449  15.554 -1.0
  229 HSCJ232948-000955 352.451584  -0.165399 0.9520  17.396 -1.0
  230 HSCJ232949+005358 352.454458   0.899531 0.5140  40.068 -1.0
  231 HSCJ233031+003810 352.628834   0.636222 0.2751  28.181 -1.0
  232 HSCJ233052+003808 352.717231   0.635646 0.7500  17.652 -1.0
  233 HSCJ233100-012201 352.750534  -1.367064 0.8193  17.452 -1.0
  234 HSCJ233101+002310 352.753634   0.386239 0.7810  24.495 -1.0
  235 HSCJ233109-013001 352.789412  -1.500416 1.1550  28.659 -1.0
  236 HSCJ233119+003447 352.828313   0.579847 0.5017  18.316 0.45587
  237 HSCJ233128+003654 352.867098   0.615108 0.2850  35.956 0.28170
  238 HSCJ233157+004435 352.985512   0.743013 1.0220  16.754 -1.0
  239 HSCJ233213-002825 353.055935  -0.473523 1.1441  15.931 -1.0
  240 HSCJ233242-001440 353.173907  -0.244551 1.1500  39.297 -1.0
  241 HSCJ233315+010017 353.312506   1.004773 0.4708  17.310 -1.0
  242 HSCJ233328-000122 353.366245  -0.022750 0.5110  24.971 0.51201
  243 HSCJ233524+003223 353.848068   0.539785 0.5240  16.654 0.50761
