# CAMIRA HSC S19A Deep/UD cluster catalog with star mask
# (updated version of catalog presented in Oguri+2018, PASJ, 70, S20)
# column 1: ID
# column 2: Name
# column 3: RA [deg]
# column 4: Dec [deg]
# column 5: cluster photometric redshift z_cl
# column 6: richness N_mem
# column 7: spectroscopic redshift of BCG (-1.0 if not available)
    1 HSCJ021500-045156  33.748471  -4.865602 0.8900  16.534 0.89100
    2 HSCJ021511-050339  33.797091  -5.060868 0.7300  18.576 0.75579
    3 HSCJ021528-044041  33.867660  -4.678114 0.3020  25.621 0.34785
    4 HSCJ021733-051300  34.385644  -5.216570 0.6660  25.628 0.64330
    5 HSCJ021754-052706  34.475752  -5.451609 0.7041  15.177 -1.0
    6 HSCJ021832-050059  34.633562  -5.016490 0.8880  19.181 0.88476
    7 HSCJ021911-040158  34.794249  -4.032736 0.4440  15.134 0.43245
    8 HSCJ021929-040352  34.872563  -4.064544 0.5980  19.428 0.60463
    9 HSCJ021942-045231  34.922938  -4.875219 0.2972  21.515 0.33280
   10 HSCJ022015-045353  35.060649  -4.897996 0.9000  18.021 0.90820
   11 HSCJ022035-034741  35.146471  -3.794839 1.0561  19.172 -1.0
   12 HSCJ022056-033348  35.231592  -3.563311 1.0550  30.564 -1.0
   13 HSCJ022105-052427  35.269522  -5.407380 0.8260  17.393 0.82629
   14 HSCJ022107-033127  35.278657  -3.524114 0.5771  17.474 0.55178
   15 HSCJ022108-035441  35.285138  -3.911431 0.8881  15.293 -1.0
   16 HSCJ022137-051838  35.403232  -5.310516 0.8500  25.554 -1.0
   17 HSCJ022146-034619  35.440625  -3.771929 0.4200  60.394 0.43314
   18 HSCJ022156-034054  35.481354  -3.681587 1.0551  34.892 -1.0
   19 HSCJ022205-043300  35.519048  -4.550073 0.3149  21.744 0.31878
   20 HSCJ022253-032823  35.720263  -3.473048 1.0341  26.413 -1.0
   21 HSCJ022254-033615  35.723579  -3.604150 0.4204  15.402 0.43075
   22 HSCJ022303-043615  35.763594  -4.604277 1.1902  15.332 -1.0
   23 HSCJ022320-052715  35.834181  -5.454184 0.2177  15.562 0.21105
   24 HSCJ022342-043052  35.924081  -4.514362 0.4348  19.509 0.43608
   25 HSCJ022343-050201  35.927395  -5.033623 0.8720  26.431 0.85930
   26 HSCJ022351-053640  35.960495  -5.611034 0.5153  16.990 0.49843
   27 HSCJ022358-043416  35.991296  -4.571121 0.4760  17.088 0.49943
   28 HSCJ022359-034354  35.996590  -3.731679 0.8425  23.688 -1.0
   29 HSCJ022401-032536  36.002641  -3.426532 0.8048  32.356 -1.0
   30 HSCJ022414-042830  36.057436  -4.474931 0.8883  15.733 0.86310
   31 HSCJ022420-033626  36.083812  -3.607356 0.6160  23.540 0.61123
   32 HSCJ022433-041419  36.138503  -4.238717 0.2580  20.182 0.26365
   33 HSCJ022434-045007  36.139610  -4.835347 0.4920  19.440 0.49423
   34 HSCJ022520-041901  36.331946  -4.317038 0.1585  20.157 0.14343
   35 HSCJ022537-042510  36.404116  -4.419550 0.8979  17.802 0.86983
   36 HSCJ022618-035958  36.575583  -3.999447 0.2100  17.487 0.20930
   37 HSCJ022633-050031  36.636883  -5.008636 0.4890  17.445 0.49769
   38 HSCJ022636-040410  36.648636  -4.069551 0.3502  17.132 0.34554
   39 HSCJ022655-040516  36.728705  -4.087909 0.7734  16.617 -1.0
   40 HSCJ022715-050432  36.813271  -5.075645 0.1580  24.891 0.14311
   41 HSCJ022722-043652  36.841305  -4.614479 1.1549  15.777 1.17230
   42 HSCJ022752-040008  36.965451  -4.002185 0.8599  19.207 -1.0
   43 HSCJ022804-045100  37.018690  -4.849875 0.2721  29.478 0.29414
   44 HSCJ022828-042608  37.115952  -4.435440 0.4175  23.295 0.43208
   45 HSCJ022829-045939  37.121890  -4.994114 0.3380  24.448 0.33415
   46 HSCJ022831-044351  37.130255  -4.730874 0.5821  30.685 0.61142
   47 HSCJ022933-043948  37.387777  -4.663239 0.6215  24.022 0.62485
   48 HSCJ095422+011741 148.593050   1.294676 0.4619  17.485 0.45198
   49 HSCJ095458+030823 148.741734   3.139669 0.3320  16.084 0.34352
   50 HSCJ095517+030025 148.820004   3.006980 0.3160  16.342 -1.0
   51 HSCJ095528+013947 148.866922   1.662985 0.1020  21.073 0.09841
   52 HSCJ095536+010310 148.898152   1.052658 0.4508  25.457 0.45367
   53 HSCJ095536+030248 148.901951   3.046550 0.8061  17.153 -1.0
   54 HSCJ095553+022107 148.969950   2.351858 1.0160  17.789 -1.0
   55 HSCJ095554+012431 148.973589   1.408519 0.3361  15.187 -1.0
   56 HSCJ095606+023650 149.024473   2.613957 0.4939  24.180 0.48300
   57 HSCJ095608+015910 149.033264   1.986224 0.9774  39.102 -1.0
   58 HSCJ095626+015522 149.108921   1.922837 0.9600  23.353 -1.0
   59 HSCJ095634+030538 149.141948   3.093937 0.3390  15.958 0.35335
   60 HSCJ095641+023643 149.172169   2.612018 0.7380  18.082 -1.0
   61 HSCJ095709+013900 149.286009   1.649868 0.8800  15.489 -1.0
   62 HSCJ095728+033956 149.365901   3.665493 0.1740  20.507 0.16461
   63 HSCJ095742+023352 149.424322   2.564431 0.3380  21.198 -1.0
   64 HSCJ095743+005441 149.427236   0.911281 0.2160  17.300 0.21854
   65 HSCJ095748+030335 149.451331   3.059675 0.8823  24.437 -1.0
   66 HSCJ095805+032643 149.521027   3.445166 0.1675  36.962 0.17021
   67 HSCJ095824+024916 149.600088   2.821160 0.3461  20.044 0.34456
   68 HSCJ095829+004341 149.619917   0.728117 0.9020  17.266 -1.0
   69 HSCJ095853+005804 149.722219   0.967784 0.6500  17.179 0.66990
   70 HSCJ095903+025545 149.761347   2.929083 0.3366  32.902 0.34852
   71 HSCJ095917+031504 149.822353   3.251225 0.9011  17.076 -1.0
   72 HSCJ095918+033052 149.826348   3.514334 0.7340  20.952 0.71737
   73 HSCJ095921+011752 149.837663   1.297749 0.1060  33.268 0.09463
   74 HSCJ095922+011559 149.840258   1.266423 0.3437  26.312 -1.0
   75 HSCJ095937+022959 149.902975   2.499796 0.7318  18.154 0.73955
   76 HSCJ095938+031001 149.906604   3.167028 0.2957  16.167 0.30445
   77 HSCJ095948+005134 149.948836   0.859358 0.2020  18.671 -1.0
   78 HSCJ100015+011002 150.063346   1.167104 0.2520  17.686 -1.0
   79 HSCJ100022+032416 150.089717   3.404583 0.9737  22.826 -1.0
   80 HSCJ100022+022328 150.090893   2.391224 0.2172  35.869 0.22057
   81 HSCJ100049+013820 150.203902   1.638902 0.2088  28.852 0.21630
   82 HSCJ100104+030407 150.265578   3.068636 0.7380  15.014 0.72887
   83 HSCJ100108+005630 150.281399   0.941535 0.8408  19.802 -1.0
   84 HSCJ100114+011551 150.307791   1.264141 0.6781  18.443 -1.0
   85 HSCJ100131+022640 150.380646   2.444313 0.3351  15.790 0.34765
   86 HSCJ100137+023032 150.403882   2.508861 0.1202  17.162 0.12361
   87 HSCJ100157+004800 150.485659   0.800005 0.9460  17.021 -1.0
   88 HSCJ100215+032802 150.564549   3.467158 0.9339  20.646 -1.0
   89 HSCJ100231+024610 150.630156   2.769559 0.2102  18.965 0.24960
   90 HSCJ100252+031427 150.716319   3.240901 0.5480  28.440 0.53598
   91 HSCJ100259+030547 150.746526   3.096468 0.9180  18.993 -1.0
   92 HSCJ100308+030637 150.783358   3.110311 0.5380  16.511 0.53532
   93 HSCJ100318+033839 150.824198   3.644108 0.6060  15.547 -1.0
   94 HSCJ100343+025049 150.927345   2.847040 0.1740  19.865 0.18524
   95 HSCJ100358+010537 150.993427   1.093745 0.7480  19.708 0.75110
   96 HSCJ100359+023701 150.996839   2.616874 0.3300  19.034 0.35058
   97 HSCJ100421+021635 151.087264   2.276311 1.0240  15.055 -1.0
   98 HSCJ100438+024004 151.157293   2.667806 0.3360  16.973 0.37180
   99 HSCJ100440+025740 151.164641   2.961092 0.1171  17.721 0.10349
  100 HSCJ100500+015315 151.250588   1.887433 0.9319  18.290 -1.0
  101 HSCJ100520+015221 151.333965   1.872513 0.2096  22.305 0.22797
  102 HSCJ100531+025712 151.377670   2.953320 0.5000  29.119 -1.0
  103 HSCJ100532+023518 151.381352   2.588444 0.3456  76.417 0.36963
  104 HSCJ100543+013458 151.429465   1.582710 0.8108  19.526 -1.0
  105 HSCJ100543+033159 151.430036   3.533071 0.7020  17.442 -1.0
  106 HSCJ100600+015245 151.500803   1.879226 0.9283  15.606 -1.0
  107 HSCJ160159+552418 240.495567  55.404904 0.3988  31.271 0.40025
  108 HSCJ160434+551301 241.141994  55.217048 0.3789  17.036 0.39354
  109 HSCJ160436+555704 241.151256  55.951104 0.3902  35.840 -1.0
  110 HSCJ160439+543137 241.164026  54.526880 0.2694  88.148 -1.0
  111 HSCJ160502+553750 241.258615  55.630651 0.2398  49.492 0.25121
  112 HSCJ160508+545208 241.283483  54.869018 0.6026  24.358 0.61222
  113 HSCJ160513+543842 241.304508  54.645059 0.7009  17.364 -1.0
  114 HSCJ160538+551316 241.407668  55.221101 0.2539  17.612 -1.0
  115 HSCJ160553+544515 241.471299  54.754031 0.2660  20.598 0.26298
  116 HSCJ160555+541238 241.479712  54.210593 0.8779  29.782 -1.0
  117 HSCJ160602+545819 241.507912  54.971819 0.5399  18.313 -1.0
  118 HSCJ160605+542841 241.520304  54.477982 0.7616  38.342 0.77254
  119 HSCJ160628+544945 241.614605  54.829085 0.6852  18.573 -1.0
  120 HSCJ160633+535359 241.637584  53.899642 0.3580  41.874 0.35299
  121 HSCJ160640+551809 241.665652  55.302375 0.6300  19.261 -1.0
  122 HSCJ160724+550145 241.849049  55.029270 0.5829  22.829 -1.0
  123 HSCJ160805+540837 242.019086  54.143683 0.2400  15.009 0.23392
  124 HSCJ160808+541724 242.032268  54.290106 0.8720  20.156 -1.0
  125 HSCJ160810+564614 242.040819  56.770464 0.4777  23.533 0.47898
  126 HSCJ160840+540557 242.166972  54.099030 0.9783  23.449 -1.0
  127 HSCJ160900+545711 242.250025  54.953153 0.8732  15.091 -1.0
  128 HSCJ160903+534302 242.261535  53.717195 0.7368  24.903 0.73489
  129 HSCJ160957+533034 242.487290  53.509335 0.5700  15.641 0.60106
  130 HSCJ161005+534817 242.521183  53.804861 0.2569  16.333 0.22812
  131 HSCJ161020+545235 242.584521  54.876366 0.3819  15.517 -1.0
  132 HSCJ161038+540531 242.658004  54.091908 0.3373  38.414 0.33871
  133 HSCJ161049+552623 242.704428  55.439643 0.6700  25.828 -1.0
  134 HSCJ161101+561748 242.752403  56.296799 0.2917  29.602 -1.0
  135 HSCJ161101+541555 242.753929  54.265271 0.7839  16.929 -1.0
  136 HSCJ161107+554736 242.778891  55.793242 0.2560  25.052 0.25015
  137 HSCJ161109+551429 242.787599  55.241306 0.7630  15.403 -1.0
  138 HSCJ161112+553451 242.798730  55.580792 0.2320  57.527 0.21704
  139 HSCJ161128+541721 242.867723  54.289129 0.3430  55.571 0.33961
  140 HSCJ161133+532002 242.886561  53.333922 1.1380  15.050 -1.0
  141 HSCJ161154+562442 242.974724  56.411674 0.4282  17.446 0.42145
  142 HSCJ161210+545025 243.040368  54.840304 0.3243  15.416 0.33430
  143 HSCJ161221+532107 243.087390  53.351912 0.1800  23.228 0.16207
  144 HSCJ161225+555438 243.103341  55.910496 0.2580  38.725 0.26624
  145 HSCJ161235+534048 243.147754  53.679913 0.2620  16.995 -1.0
  146 HSCJ161240+534247 243.165569  53.713138 0.1440  17.040 0.13226
  147 HSCJ161241+562423 243.171343  56.406427 0.6681  17.375 -1.0
  148 HSCJ161249+550239 243.205029  55.044300 0.4944  19.977 0.49190
  149 HSCJ161249+540837 243.205993  54.143572 0.1597  22.103 0.15164
  150 HSCJ161257+533514 243.239396  53.587323 1.0641  15.668 -1.0
  151 HSCJ161259+555925 243.245019  55.990337 0.8960  25.199 -1.0
  152 HSCJ161317+560119 243.322798  56.022026 0.4960  25.497 0.48996
  153 HSCJ161357+544820 243.486985  54.805543 0.4338  17.575 -1.0
  154 HSCJ161402+554115 243.510182  55.687442 0.8783  16.636 -1.0
  155 HSCJ161412+554132 243.549793  55.692331 0.2520  18.030 0.25077
  156 HSCJ161415+544328 243.564101  54.724548 0.3380  55.679 0.33289
  157 HSCJ161417+540433 243.570704  54.075921 0.8461  43.219 -1.0
  158 HSCJ161424+533717 243.598391  53.621264 0.8106  15.212 -1.0
  159 HSCJ161429+555719 243.619562  55.955184 0.8680  30.981 -1.0
  160 HSCJ161434+542551 243.643494  54.430887 0.2380  34.502 0.23271
  161 HSCJ161500+563311 243.750584  56.552943 0.8440  15.762 -1.0
  162 HSCJ161531+545230 243.879656  54.875089 0.3200  16.106 0.32936
  163 HSCJ161538+535634 243.907763  53.942863 0.5967  24.194 -1.0
  164 HSCJ161554+532621 243.976473  53.439127 0.3754  33.592 0.39274
  165 HSCJ161601+533934 244.006155  53.659542 0.8322  21.871 -1.0
  166 HSCJ161634+553955 244.142882  55.665299 0.2516  30.258 0.24263
  167 HSCJ161635+562149 244.146627  56.363690 0.8800  18.570 -1.0
  168 HSCJ161641+554512 244.172126  55.753436 1.1639  50.884 -1.0
  169 HSCJ161654+550833 244.223138  55.142604 0.4340  18.125 0.43108
  170 HSCJ161658+561301 244.240048  56.216985 1.1706  15.190 -1.0
  171 HSCJ161825+543146 244.602250  54.529410 0.7773  32.950 -1.0
  172 HSCJ161826+542543 244.607683  54.428486 0.5560  23.923 0.55220
  173 HSCJ161831+543828 244.630493  54.641058 0.5660  16.870 0.55359
  174 HSCJ161834+551751 244.642373  55.297390 0.2702  27.630 0.26424
  175 HSCJ161915+551341 244.811418  55.228053 0.3465  15.968 0.34323
  176 HSCJ161925+551436 244.853052  55.243415 0.6834  29.638 -1.0
  177 HSCJ161935+545306 244.895973  54.884867 0.4873  17.917 0.48509
  178 HSCJ162139+545743 245.413725  54.961943 0.2417  19.558 0.26700
  179 HSCJ232113-010249 350.304003  -1.046831 0.7856  15.180 -1.0
  180 HSCJ232209-012057 350.537064  -1.349063 0.3640  20.543 0.35187
  181 HSCJ232214-005813 350.556836  -0.970254 0.7745  15.445 -1.0
  182 HSCJ232305-010137 350.769889  -1.026984 0.3620  19.315 0.38781
  183 HSCJ232312-003303 350.800246  -0.550782 0.8064  16.310 -1.0
  184 HSCJ232333-000444 350.888826  -0.078881 0.7830  15.022 0.69871
  185 HSCJ232349-013309 350.952740  -1.552527 0.4244  23.486 -1.0
  186 HSCJ232422+001909 351.089974   0.319073 0.1525  22.487 0.14946
  187 HSCJ232454+000453 351.227082   0.081361 0.8440  15.473 -1.0
  188 HSCJ232507+003920 351.277473   0.655669 0.6500  24.031 0.67326
  189 HSCJ232540-001112 351.417923  -0.186556 0.5614  22.588 0.56907
  190 HSCJ232619+003017 351.578285   0.504802 1.1710  28.740 -1.0
  191 HSCJ232658+004145 351.740620   0.695868 1.0880  16.039 -1.0
  192 HSCJ232732+005634 351.882813   0.942801 0.2780  56.497 0.27881
  193 HSCJ232733+002642 351.887786   0.445002 0.7745  19.040 -1.0
  194 HSCJ232734+003627 351.890125   0.607419 0.4475  15.783 -1.0
  195 HSCJ232745+005727 351.936800   0.957509 0.6499  30.809 0.64596
  196 HSCJ232809+001109 352.038528   0.185913 0.2600  17.313 0.27683
  197 HSCJ232823+002325 352.095867   0.390249 0.4031  16.040 0.40785
  198 HSCJ232847-013449 352.194988  -1.580276 0.9300  22.893 -1.0
  199 HSCJ232919+000805 352.328989   0.134766 0.4020  17.976 0.40451
  200 HSCJ232922+001451 352.342057   0.247459 0.6120  18.142 0.60599
  201 HSCJ232943+005138 352.430927   0.860494 0.5060  29.267 0.50378
  202 HSCJ232948-000955 352.451584  -0.165399 0.9520  17.849 -1.0
  203 HSCJ233031+003810 352.628834   0.636222 0.2754  25.756 -1.0
  204 HSCJ233052+003808 352.717231   0.635646 0.7500  15.951 -1.0
  205 HSCJ233100-012201 352.750534  -1.367064 0.8190  16.648 -1.0
  206 HSCJ233101+002310 352.753634   0.386239 0.7812  23.088 -1.0
  207 HSCJ233109-013001 352.789412  -1.500416 1.1550  28.720 -1.0
  208 HSCJ233119+003447 352.828313   0.579847 0.5062  17.821 0.45587
  209 HSCJ233128+003654 352.867098   0.615108 0.2852  35.321 0.28170
  210 HSCJ233213-002825 353.055935  -0.473523 1.1480  15.746 -1.0
  211 HSCJ233242-001440 353.173907  -0.244551 1.1500  40.345 -1.0
  212 HSCJ233315+010017 353.312506   1.004773 0.4708  18.182 -1.0
  213 HSCJ233328-000122 353.366245  -0.022750 0.5110  24.843 0.51201
