# CAMIRA HSC S20A Deep/UD cluster catalog with star mask
# (updated version of catalog presented in Oguri+2018, PASJ, 70, S20)
# column 1: ID
# column 2: Name
# column 3: RA [deg]
# column 4: Dec [deg]
# column 5: cluster photometric redshift z_cl
# column 6: richness N_mem
# column 7: spectroscopic redshift of BCG (-1.0 if not available)
    1 HSCJ021511-050339  33.797090  -5.060867 0.7555  19.489 0.75587
    2 HSCJ021528-044041  33.867663  -4.678112 0.3323  67.109 0.34784
    3 HSCJ021601-052316  34.002720  -5.387742 0.3299  15.049 0.34248
    4 HSCJ021634-041821  34.140488  -4.305831 0.1534  24.559 0.13812
    5 HSCJ021635-042812  34.145469  -4.470047 0.4546  22.729 0.45234
    6 HSCJ021735-051330  34.397062  -5.225135 0.6520  23.360 0.64700
    7 HSCJ021822-053921  34.592556  -5.655928 0.6759  23.735 -1.0
    8 HSCJ021834-053802  34.640549  -5.633937 0.3520  15.570 0.38257
    9 HSCJ021837-054025  34.655196  -5.673577 0.2560  20.892 0.28079
   10 HSCJ021942-045231  34.922934  -4.875215 0.3160  24.489 0.33276
   11 HSCJ021954-035028  34.974673  -3.841027 0.3500  28.966 0.36201
   12 HSCJ021956-052803  34.982768  -5.467562 0.2600  17.379 0.27847
   13 HSCJ022030-054714  35.123848  -5.787177 0.7808  16.142 0.78500
   14 HSCJ022045-032600  35.189561  -3.433294 0.3200  25.957 0.32800
   15 HSCJ022056-033348  35.231588  -3.563308 1.0009  31.131 -1.0
   16 HSCJ022107-033127  35.278651  -3.524110 0.5700  31.201 0.55171
   17 HSCJ022137-051838  35.403230  -5.310511 0.8490  20.454 -1.0
   18 HSCJ022144-032106  35.432903  -3.351541 1.0038  29.918 -1.0
   19 HSCJ022146-034619  35.440622  -3.771924 0.4280  81.387 0.43293
   20 HSCJ022156-034054  35.481350  -3.681583 1.0431  31.962 -1.0
   21 HSCJ022159-054443  35.497319  -5.745329 0.8543  21.367 -1.0
   22 HSCJ022201-052928  35.502309  -5.491054 0.9763  18.174 -1.0
   23 HSCJ022202-043205  35.510176  -4.534670 0.3160  30.380 0.31871
   24 HSCJ022253-032823  35.720251  -3.473043 1.0180  20.995 -1.0
   25 HSCJ022307-035648  35.779548  -3.946705 0.6493  15.438 -1.0
   26 HSCJ022346-050626  35.941236  -5.107269 0.9140  17.110 0.92844
   27 HSCJ022347-050035  35.944436  -5.009832 0.8747  27.143 -1.0
   28 HSCJ022351-053640  35.960490  -5.611028 0.4933  24.813 0.49840
   29 HSCJ022358-043505  35.991831  -4.584709 0.4898  20.320 0.49463
   30 HSCJ022359-034354  35.996591  -3.731680 0.8390  16.851 -1.0
   31 HSCJ022404-041327  36.017483  -4.224054 1.0551  17.080 -1.0
   32 HSCJ022406-050321  36.025038  -5.055915 0.3239  17.002 0.32244
   33 HSCJ022420-033626  36.083802  -3.607347 0.6123  19.353 0.61133
   34 HSCJ022433-041419  36.138500  -4.238711 0.2520  21.318 0.26365
   35 HSCJ022434-045007  36.139605  -4.835337 0.4918  20.907 0.49427
   36 HSCJ022455-033204  36.228564  -3.534381 0.7872  21.146 0.79458
   37 HSCJ022525-044045  36.352973  -4.679212 0.2572  16.421 0.26427
   38 HSCJ022531-041419  36.378198  -4.238511 0.1670  21.536 0.14287
   39 HSCJ022533-053205  36.388837  -5.534602 0.5657  15.859 0.56621
   40 HSCJ022537-042510  36.404111  -4.419550 0.9278  15.658 0.86983
   41 HSCJ022610-053833  36.542452  -5.642505 0.2028  16.277 0.19367
   42 HSCJ022612-054725  36.548798  -5.790352 0.7901  16.220 -1.0
   43 HSCJ022618-035958  36.575581  -3.999442 0.2011  18.587 0.20930
   44 HSCJ022636-040410  36.648632  -4.069545 0.3340  20.072 0.34557
   45 HSCJ022715-050432  36.813271  -5.075641 0.1554  20.628 0.14311
   46 HSCJ022752-040008  36.965449  -4.002183 0.8461  15.361 -1.0
   47 HSCJ022804-045100  37.018687  -4.849872 0.2881  33.899 0.29414
   48 HSCJ022828-042608  37.115947  -4.435437 0.4268  27.442 0.43204
   49 HSCJ022829-045939  37.121887  -4.994112 0.3504  17.787 0.33416
   50 HSCJ022831-044351  37.130252  -4.730869 0.5980  32.570 0.61145
   51 HSCJ022833-040229  37.138804  -4.041442 0.3140  15.616 0.32950
   52 HSCJ022933-043948  37.387775  -4.663235 0.6100  28.810 0.62480
   53 HSCJ023013-035751  37.553544  -3.964244 0.7466  18.674 -1.0
   54 HSCJ023028-043349  37.615632  -4.563601 0.2708  31.364 0.29508
   55 HSCJ095458+030823 148.741736   3.139669 0.3326  15.595 0.34352
   56 HSCJ095528+013947 148.866922   1.662985 0.1051  19.288 0.09841
   57 HSCJ095536+010310 148.898153   1.052658 0.4511  32.690 0.45367
   58 HSCJ095536+030248 148.901954   3.046552 0.8081  15.203 -1.0
   59 HSCJ095539+025723 148.911516   2.956456 0.8727  16.937 -1.0
   60 HSCJ095609+031818 149.037233   3.305095 0.3240  17.401 0.31358
   61 HSCJ095612+015935 149.048782   1.992957 0.9760  34.646 -1.0
   62 HSCJ095626+015522 149.108920   1.922837 0.9600  20.872 -1.0
   63 HSCJ095641+023643 149.172171   2.612018 0.7443  18.272 -1.0
   64 HSCJ095649+023637 149.204378   2.610201 0.5476  16.939 0.54078
   65 HSCJ095728+033956 149.365903   3.665493 0.1682  28.069 0.16461
   66 HSCJ095742+023352 149.424322   2.564432 0.3940  35.079 -1.0
   67 HSCJ095746+022533 149.441577   2.425930 0.4909  20.435 0.48068
   68 HSCJ095748+030335 149.451332   3.059675 0.8892  21.661 -1.0
   69 HSCJ095805+032643 149.521028   3.445167 0.1740  51.457 0.17021
   70 HSCJ095823+005309 149.596419   0.885934 0.9319  16.875 -1.0
   71 HSCJ095824+024916 149.600087   2.821159 0.3406  22.448 0.34456
   72 HSCJ095837+011104 149.655545   1.184512 0.6500  21.324 -1.0
   73 HSCJ095847+033929 149.697232   3.658021 0.4561  17.126 -1.0
   74 HSCJ095903+025545 149.761347   2.929082 0.3320  34.395 0.34852
   75 HSCJ095917+031506 149.821821   3.251609 0.9319  17.364 -1.0
   76 HSCJ095918+033052 149.826349   3.514335 0.7181  22.074 0.71762
   77 HSCJ095921+011752 149.837665   1.297751 0.1035  32.148 0.09463
   78 HSCJ095922+011559 149.840257   1.266423 0.3560  17.120 -1.0
   79 HSCJ095938+031001 149.906605   3.167029 0.3020  19.169 0.30445
   80 HSCJ100002+011852 150.008072   1.314577 0.2180  17.278 -1.0
   81 HSCJ100015+011002 150.063346   1.167105 0.2260  17.563 -1.0
   82 HSCJ100022+032416 150.089716   3.404583 0.9941  21.212 -1.0
   83 HSCJ100022+022328 150.090891   2.391225 0.2220  38.677 0.22057
   84 HSCJ100046+013926 150.189763   1.657360 0.2140  32.128 0.22053
   85 HSCJ100057+013142 150.238621   1.528438 0.3538  19.299 0.36317
   86 HSCJ100108+005630 150.281399   0.941534 0.8606  20.300 -1.0
   87 HSCJ100120+005207 150.331268   0.868681 0.9970  18.476 -1.0
   88 HSCJ100126+010220 150.358019   1.038933 0.1020  16.325 0.09302
   89 HSCJ100153+005356 150.469042   0.898955 0.8602  15.367 -1.0
   90 HSCJ100154+004905 150.476302   0.818054 0.9820  20.168 -1.0
   91 HSCJ100215+032802 150.564550   3.467159 0.9588  19.127 -1.0
   92 HSCJ100252+031427 150.716319   3.240901 0.5479  28.467 0.53598
   93 HSCJ100259+030547 150.746527   3.096468 0.9034  18.226 -1.0
   94 HSCJ100300+013152 150.750448   1.531020 0.6944  24.982 0.66918
   95 HSCJ100307+005733 150.780706   0.959166 0.8711  15.872 -1.0
   96 HSCJ100317+031207 150.820401   3.201887 0.9800  16.497 -1.0
   97 HSCJ100340+024624 150.914600   2.773258 0.1720  15.053 -1.0
   98 HSCJ100358+010537 150.993428   1.093746 0.7520  20.470 0.75110
   99 HSCJ100410+031840 151.040849   3.311140 0.9736  16.367 -1.0
  100 HSCJ100452+025434 151.214728   2.909356 0.1081  20.352 0.10644
  101 HSCJ100500+015703 151.249691   1.950798 0.9260  18.470 -1.0
  102 HSCJ100515+015155 151.311645   1.865177 0.2083  23.148 -1.0
  103 HSCJ100529+025750 151.370934   2.963979 0.4813  31.219 -1.0
  104 HSCJ100532+023518 151.381353   2.588445 0.3477  73.192 0.36960
  105 HSCJ100543+013458 151.429465   1.582712 0.8207  19.119 -1.0
  106 HSCJ100543+033159 151.430035   3.533072 0.7144  15.141 -1.0
  107 HSCJ100655+013433 151.729302   1.575965 0.9280  20.328 -1.0
  108 HSCJ100705+012909 151.772446   1.485764 0.8980  19.466 -1.0
  109 HSCJ160108+543228 240.281452  54.541119 0.2618  16.077 -1.0
  110 HSCJ160321+550645 240.837351  55.112580 0.2564  17.008 0.26800
  111 HSCJ160432+555956 241.135392  55.998879 0.6300  17.642 0.60707
  112 HSCJ160434+551301 241.141994  55.217045 0.3787  21.096 0.39354
  113 HSCJ160436+555704 241.151256  55.951106 0.3867  36.511 -1.0
  114 HSCJ160439+543137 241.164027  54.526879 0.2562  92.074 -1.0
  115 HSCJ160457+553819 241.236718  55.638576 0.2400  48.526 -1.0
  116 HSCJ160508+545208 241.283481  54.869020 0.6054  23.520 0.61215
  117 HSCJ160538+551316 241.407666  55.221100 0.2546  18.203 -1.0
  118 HSCJ160551+544727 241.460631  54.790937 0.2600  31.117 0.23298
  119 HSCJ160551+541201 241.460810  54.200353 0.8900  29.225 -1.0
  120 HSCJ160600+545854 241.500668  54.981757 0.5398  18.339 0.55461
  121 HSCJ160605+542841 241.520305  54.477986 0.7782  34.440 0.77367
  122 HSCJ160616+545415 241.568411  54.904094 0.6457  17.957 -1.0
  123 HSCJ160628+544945 241.614606  54.829083 0.6820  17.365 -1.0
  124 HSCJ160633+535359 241.637582  53.899641 0.3621  44.698 0.35301
  125 HSCJ160639+560806 241.663269  56.135087 0.7892  31.991 0.79343
  126 HSCJ160640+551809 241.665653  55.302377 0.6292  18.912 0.64163
  127 HSCJ160644+552845 241.685110  55.479191 0.8081  15.247 -1.0
  128 HSCJ160724+550145 241.849049  55.029268 0.5680  18.321 -1.0
  129 HSCJ160738+555911 241.909517  55.986426 0.4011  15.781 0.41149
  130 HSCJ160805+540837 242.019086  54.143685 0.2340  19.098 0.23392
  131 HSCJ160808+541724 242.032268  54.290107 0.8894  15.539 -1.0
  132 HSCJ160827+531435 242.113805  53.242982 0.1780  26.362 0.16139
  133 HSCJ160840+540557 242.166974  54.099032 0.9800  30.692 -1.0
  134 HSCJ160844+554537 242.182840  55.760329 0.2549  16.963 0.24940
  135 HSCJ160900+545711 242.250027  54.953150 0.8884  15.083 -1.0
  136 HSCJ160903+534302 242.261537  53.717193 0.7435  27.225 0.73500
  137 HSCJ160932+544508 242.383534  54.752193 0.2271  16.072 0.23465
  138 HSCJ161038+540531 242.658004  54.091910 0.3400  37.261 0.33868
  139 HSCJ161049+552623 242.704426  55.439643 0.6600  19.359 -1.0
  140 HSCJ161101+561748 242.752404  56.296798 0.2967  29.727 -1.0
  141 HSCJ161107+554736 242.778892  55.793244 0.2521  22.874 0.25016
  142 HSCJ161111+562145 242.793959  56.362575 0.3550  16.388 0.33671
  143 HSCJ161112+553451 242.798732  55.580789 0.2239  53.585 0.21706
  144 HSCJ161136+541635 242.899724  54.276265 0.3423  58.109 0.33739
  145 HSCJ161154+562442 242.974723  56.411672 0.4340  19.177 0.42144
  146 HSCJ161213+544118 243.054309  54.688374 0.2201  16.323 0.21092
  147 HSCJ161217+532154 243.070161  53.365003 0.1726  22.575 -1.0
  148 HSCJ161222+534056 243.091343  53.682084 0.2580  17.340 -1.0
  149 HSCJ161224+534029 243.098729  53.674696 0.1544  18.682 -1.0
  150 HSCJ161225+555438 243.103339  55.910497 0.2740  38.064 0.26624
  151 HSCJ161227+544824 243.111471  54.806797 0.3340  16.295 0.32822
  152 HSCJ161242+562402 243.174029  56.400674 0.6489  17.957 -1.0
  153 HSCJ161249+550239 243.205028  55.044300 0.4960  17.934 0.49189
  154 HSCJ161249+540837 243.205992  54.143572 0.1585  26.596 0.15165
  155 HSCJ161257+533514 243.239395  53.587321 1.0893  16.904 -1.0
  156 HSCJ161259+555925 243.245019  55.990336 0.9269  27.037 -1.0
  157 HSCJ161321+541031 243.336171  54.175244 0.2320  15.371 0.22648
  158 HSCJ161357+544820 243.486982  54.805543 0.4335  19.969 -1.0
  159 HSCJ161401+542627 243.505539  54.440937 0.2760  16.976 -1.0
  160 HSCJ161402+554115 243.510183  55.687445 0.9099  16.061 -1.0
  161 HSCJ161409+533145 243.538289  53.529282 0.1860  19.313 0.16175
  162 HSCJ161412+554132 243.549793  55.692331 0.2556  19.654 0.25077
  163 HSCJ161412+544343 243.552004  54.728715 0.3378  59.221 0.33117
  164 HSCJ161414+554729 243.557626  55.791506 0.4941  16.051 0.49607
  165 HSCJ161417+540433 243.570704  54.075923 0.8673  35.553 0.85299
  166 HSCJ161429+555719 243.619561  55.955184 0.8880  23.399 -1.0
  167 HSCJ161434+542551 243.643491  54.430889 0.2335  33.569 0.23271
  168 HSCJ161437+563755 243.654225  56.632079 0.1620  15.869 0.13622
  169 HSCJ161500+563311 243.750584  56.552944 0.8506  18.691 -1.0
  170 HSCJ161542+535649 243.924033  53.946830 0.5980  21.019 -1.0
  171 HSCJ161552+533943 243.964681  53.661885 0.8533  23.560 -1.0
  172 HSCJ161554+532621 243.976474  53.439129 0.3837  24.811 0.39279
  173 HSCJ161634+553955 244.142883  55.665297 0.2528  36.993 0.24262
  174 HSCJ161635+562149 244.146627  56.363689 0.9058  15.659 -1.0
  175 HSCJ161641+554512 244.172126  55.753435 1.1740  39.608 1.15800
  176 HSCJ161654+550833 244.223138  55.142605 0.4236  18.663 0.43103
  177 HSCJ161655+560222 244.227251  56.039378 0.3104  18.957 -1.0
  178 HSCJ161658+544923 244.242223  54.823145 0.4328  20.532 -1.0
  179 HSCJ161701+561303 244.253988  56.217410 1.0939  15.367 -1.0
  180 HSCJ161810+545922 244.541397  54.989309 0.4359  17.317 -1.0
  181 HSCJ161821+543040 244.587209  54.510991 0.7866  28.409 0.78780
  182 HSCJ161826+542543 244.607684  54.428485 0.5445  22.795 0.55225
  183 HSCJ161830+541729 244.625969  54.291264 0.2658  15.244 -1.0
  184 HSCJ161831+553016 244.628494  55.504414 0.5766  15.613 0.59654
  185 HSCJ161831+543828 244.630492  54.641058 0.5550  19.315 0.55361
  186 HSCJ161838+551714 244.659441  55.287136 0.2600  33.781 0.26898
  187 HSCJ161915+551341 244.811418  55.228050 0.3530  23.613 0.34323
  188 HSCJ161925+551436 244.853049  55.243418 0.6720  33.134 -1.0
  189 HSCJ162118+550136 245.325343  55.026551 0.6740  20.638 0.70307
  190 HSCJ162139+545743 245.413726  54.961945 0.2460  30.273 0.26701
  191 HSCJ232209-012057 350.537059  -1.349057 0.3520  29.128 0.35187
  192 HSCJ232230-002223 350.623650  -0.372941 0.2796  57.614 0.28195
  193 HSCJ232241-003418 350.671473  -0.571571 0.5956  19.446 0.58981
  194 HSCJ232303-010243 350.761891  -1.045307 0.4031  18.169 0.38911
  195 HSCJ232333-000444 350.888823  -0.078882 0.7082  25.282 0.69869
  196 HSCJ232335+000445 350.894049   0.079236 1.0719  16.106 -1.0
  197 HSCJ232353-013335 350.970933  -1.559646 0.4208  33.234 -1.0
  198 HSCJ232422+001909 351.089974   0.319074 0.1680  28.880 0.14946
  199 HSCJ232503-003819 351.264139  -0.638577 0.3486  18.500 -1.0
  200 HSCJ232507+003920 351.277472   0.655672 0.6500  19.074 0.67327
  201 HSCJ232518+004447 351.326222   0.746420 1.1500  15.021 -1.0
  202 HSCJ232540-001112 351.417923  -0.186552 0.5738  21.555 0.56906
  203 HSCJ232541-002013 351.422458  -0.336937 0.5889  15.116 0.58080
  204 HSCJ232619+003017 351.578284   0.504805 1.1720  26.195 -1.0
  205 HSCJ232707-002400 351.777521  -0.399991 0.2919  16.837 0.27940
  206 HSCJ232712-011338 351.798265  -1.227257 0.2484  18.601 -1.0
  207 HSCJ232723-002944 351.844875  -0.495488 0.7531  18.666 -1.0
  208 HSCJ232732+005634 351.882812   0.942802 0.2560  50.234 0.27881
  209 HSCJ232733-000106 351.886694  -0.018468 0.4252  16.521 0.41634
  210 HSCJ232745+005727 351.936798   0.957510 0.6279  23.197 -1.0
  211 HSCJ232846-013441 352.191610  -1.578095 0.9469  15.466 -1.0
  212 HSCJ232919+000805 352.328989   0.134768 0.3900  17.407 0.40451
  213 HSCJ232923-000835 352.345172  -0.143130 0.8534  16.095 -1.0
  214 HSCJ232948-000955 352.451582  -0.165399 0.9403  18.605 0.90795
  215 HSCJ232949+005358 352.454481   0.899490 0.5068  36.904 -1.0
  216 HSCJ233007-003646 352.527906  -0.612690 0.1816  22.095 0.17620
  217 HSCJ233015-011940 352.564214  -1.327718 0.5069  25.579 -1.0
  218 HSCJ233031+003810 352.628834   0.636224 0.2599  25.559 -1.0
  219 HSCJ233100-012201 352.750534  -1.367063 0.8047  16.086 -1.0
  220 HSCJ233101+002310 352.753635   0.386239 0.7876  17.730 0.78269
  221 HSCJ233109-013001 352.789411  -1.500415 1.1560  27.203 -1.0
  222 HSCJ233119+003447 352.828313   0.579848 0.4893  18.016 0.45578
  223 HSCJ233128+003654 352.867098   0.615110 0.2600  31.407 0.28170
  224 HSCJ233157+010231 352.987584   1.041993 0.4614  21.198 0.48862
  225 HSCJ233235+010331 353.147072   1.058499 1.0102  36.685 -1.0
  226 HSCJ233241-010527 353.170384  -1.090945 0.5290  17.419 0.52505
  227 HSCJ233242-001440 353.173906  -0.244556 1.1381  34.043 -1.0
  228 HSCJ233315+010017 353.312507   1.004774 0.4548  17.689 0.48697
  229 HSCJ233328-000122 353.366244  -0.022748 0.5033  24.432 0.51201
  230 HSCJ233524+003223 353.848069   0.539787 0.5252  16.396 0.50763
  231 HSCJ233534+001428 353.893629   0.241214 0.4720  19.204 0.46599
