# CAMIRA HSC S20A Deep/UD cluster catalog without star mask
# (updated version of catalog presented in Oguri+2018, PASJ, 70, S20)
# column 1: ID
# column 2: Name
# column 3: RA [deg]
# column 4: Dec [deg]
# column 5: cluster photometric redshift z_cl
# column 6: richness N_mem
# column 7: spectroscopic redshift of BCG (-1.0 if not available)
    1 HSCJ021511-050339  33.797090  -5.060867 0.7556  19.657 0.75587
    2 HSCJ021528-044041  33.867663  -4.678112 0.3323  67.112 0.34784
    3 HSCJ021634-041821  34.140488  -4.305831 0.1536  25.383 0.13812
    4 HSCJ021635-042812  34.145469  -4.470047 0.4549  24.227 0.45234
    5 HSCJ021648-043624  34.198520  -4.606752 0.2921  16.670 0.29240
    6 HSCJ021735-051330  34.397062  -5.225135 0.6520  23.310 0.64700
    7 HSCJ021822-053921  34.592556  -5.655928 0.6760  23.672 -1.0
    8 HSCJ021834-053802  34.640549  -5.633937 0.3520  15.585 0.38257
    9 HSCJ021837-054025  34.655196  -5.673577 0.2560  21.822 0.28079
   10 HSCJ021942-045231  34.922934  -4.875215 0.3160  24.651 0.33276
   11 HSCJ021954-035028  34.974673  -3.841027 0.3500  28.804 0.36201
   12 HSCJ021956-052803  34.982768  -5.467562 0.2600  17.377 0.27847
   13 HSCJ022030-054714  35.123848  -5.787177 0.7807  16.574 0.78500
   14 HSCJ022044-032741  35.181886  -3.461483 0.3190  28.155 -1.0
   15 HSCJ022056-033348  35.231588  -3.563308 0.9990  32.970 -1.0
   16 HSCJ022059-040358  35.247077  -4.066234 1.0400  16.959 -1.0
   17 HSCJ022107-033127  35.278651  -3.524110 0.5700  32.848 0.55171
   18 HSCJ022137-051838  35.403230  -5.310511 0.8490  20.491 -1.0
   19 HSCJ022144-032106  35.432903  -3.351541 1.0038  29.920 -1.0
   20 HSCJ022146-034619  35.440622  -3.771924 0.4280  81.456 0.43293
   21 HSCJ022156-034054  35.481350  -3.681583 1.0430  32.447 -1.0
   22 HSCJ022159-054443  35.497319  -5.745329 0.8545  22.129 -1.0
   23 HSCJ022201-052928  35.502309  -5.491054 0.9763  18.163 -1.0
   24 HSCJ022202-043205  35.510176  -4.534670 0.3160  29.268 0.31871
   25 HSCJ022253-032823  35.720251  -3.473043 1.0180  20.898 -1.0
   26 HSCJ022315-033155  35.811913  -3.532035 0.2557  15.888 -1.0
   27 HSCJ022346-050626  35.941236  -5.107269 0.9140  16.858 0.92844
   28 HSCJ022347-050035  35.944436  -5.009832 0.8748  26.804 -1.0
   29 HSCJ022351-053640  35.960490  -5.611028 0.4931  25.536 0.49840
   30 HSCJ022358-043505  35.991831  -4.584709 0.4900  20.870 0.49463
   31 HSCJ022359-034354  35.996591  -3.731680 0.8392  17.380 -1.0
   32 HSCJ022401-032535  36.002637  -3.426527 0.7996  20.320 -1.0
   33 HSCJ022402-050527  36.009025  -5.090751 0.3248  17.217 0.32360
   34 HSCJ022404-041327  36.017483  -4.224054 1.0550  16.230 -1.0
   35 HSCJ022420-033626  36.083802  -3.607347 0.6125  19.802 0.61133
   36 HSCJ022433-041419  36.138500  -4.238711 0.2520  21.257 0.26365
   37 HSCJ022434-045007  36.139605  -4.835337 0.4956  19.617 0.49427
   38 HSCJ022455-033204  36.228564  -3.534381 0.7872  22.549 0.79458
   39 HSCJ022457-034853  36.238833  -3.814743 0.6360  47.283 -1.0
   40 HSCJ022525-044045  36.352973  -4.679212 0.2569  17.310 0.26427
   41 HSCJ022531-041419  36.378198  -4.238511 0.1670  22.530 0.14287
   42 HSCJ022533-053205  36.388837  -5.534602 0.5657  15.859 0.56621
   43 HSCJ022537-042510  36.404111  -4.419550 0.9278  15.664 0.86983
   44 HSCJ022618-035958  36.575581  -3.999442 0.2011  18.458 0.20930
   45 HSCJ022636-040410  36.648632  -4.069545 0.3340  20.133 0.34557
   46 HSCJ022715-050432  36.813271  -5.075641 0.1552  19.915 0.14311
   47 HSCJ022752-040008  36.965449  -4.002183 0.8461  15.800 -1.0
   48 HSCJ022801-045150  37.003431  -4.863963 0.2917  33.843 -1.0
   49 HSCJ022828-042608  37.115947  -4.435437 0.4268  27.404 0.43204
   50 HSCJ022829-045939  37.121887  -4.994112 0.3505  17.781 0.33416
   51 HSCJ022831-044351  37.130252  -4.730869 0.5980  31.210 0.61145
   52 HSCJ022833-040229  37.138804  -4.041442 0.3140  16.456 0.32950
   53 HSCJ022853-034441  37.222539  -3.744822 0.7278  17.448 -1.0
   54 HSCJ022933-043948  37.387775  -4.663235 0.6100  30.518 0.62480
   55 HSCJ023015-035712  37.564450  -3.953252 0.7350  28.038 -1.0
   56 HSCJ023028-043349  37.615632  -4.563601 0.2708  31.574 0.29508
   57 HSCJ095458+030823 148.741736   3.139669 0.3327  15.155 0.34352
   58 HSCJ095528+013947 148.866922   1.662985 0.1051  19.391 0.09841
   59 HSCJ095536+010310 148.898153   1.052658 0.4511  32.482 0.45367
   60 HSCJ095539+025723 148.911516   2.956456 0.8727  16.810 -1.0
   61 HSCJ095606+023650 149.024473   2.613957 0.4876  21.148 -1.0
   62 HSCJ095608+015910 149.033263   1.986225 0.9760  35.087 -1.0
   63 HSCJ095609+031818 149.037233   3.305095 0.3240  18.190 0.31358
   64 HSCJ095626+015522 149.108920   1.922837 0.9600  20.689 -1.0
   65 HSCJ095641+023643 149.172171   2.612018 0.7443  18.353 -1.0
   66 HSCJ095649+023637 149.204378   2.610201 0.5475  19.042 0.54078
   67 HSCJ095650+025451 149.206712   2.914268 0.1010  16.007 -1.0
   68 HSCJ095728+033956 149.365903   3.665493 0.1685  29.723 0.16461
   69 HSCJ095736+023359 149.401207   2.566327 0.3939  36.856 -1.0
   70 HSCJ095743+005441 149.427239   0.911282 0.2160  15.422 0.21854
   71 HSCJ095746+022533 149.441577   2.425930 0.4928  19.126 0.48068
   72 HSCJ095748+030335 149.451332   3.059675 0.8893  21.384 -1.0
   73 HSCJ095805+032643 149.521028   3.445167 0.1740  57.228 0.17021
   74 HSCJ095823+005309 149.596419   0.885934 0.9320  16.786 -1.0
   75 HSCJ095824+024916 149.600087   2.821159 0.3406  22.118 0.34456
   76 HSCJ095837+011104 149.655545   1.184512 0.6458  24.116 -1.0
   77 HSCJ095847+033929 149.697232   3.658021 0.4539  20.454 -1.0
   78 HSCJ095853+005804 149.722221   0.967784 0.6340  19.438 0.66986
   79 HSCJ095903+025545 149.761347   2.929082 0.3320  35.483 0.34852
   80 HSCJ095917+031506 149.821821   3.251609 0.9320  17.246 -1.0
   81 HSCJ095918+033052 149.826349   3.514335 0.7181  22.035 0.71762
   82 HSCJ095922+011559 149.840257   1.266423 0.3560  17.100 -1.0
   83 HSCJ095937+022959 149.902977   2.499796 0.7340  15.916 0.73955
   84 HSCJ095938+031001 149.906605   3.167029 0.3020  17.661 0.30445
   85 HSCJ100006+011823 150.027050   1.306386 0.2166  20.316 -1.0
   86 HSCJ100015+011002 150.063346   1.167105 0.2260  17.033 -1.0
   87 HSCJ100022+032416 150.089716   3.404583 0.9819  22.477 -1.0
   88 HSCJ100022+022328 150.090891   2.391225 0.2180  39.120 0.22057
   89 HSCJ100046+013926 150.189763   1.657360 0.2140  32.002 0.22053
   90 HSCJ100057+013142 150.238621   1.528438 0.3528  18.996 0.36317
   91 HSCJ100108+005630 150.281399   0.941534 0.8606  20.300 -1.0
   92 HSCJ100120+005207 150.331268   0.868681 0.9970  18.478 -1.0
   93 HSCJ100126+010220 150.358019   1.038933 0.1060  17.564 0.09302
   94 HSCJ100153+005356 150.469042   0.898955 0.8601  15.557 -1.0
   95 HSCJ100154+004905 150.476302   0.818054 0.9820  20.022 -1.0
   96 HSCJ100215+032802 150.564550   3.467159 0.9588  19.129 -1.0
   97 HSCJ100231+024610 150.630157   2.769557 0.2203  15.285 0.24960
   98 HSCJ100252+031427 150.716319   3.240901 0.5479  28.418 0.53598
   99 HSCJ100259+030547 150.746527   3.096468 0.9141  20.585 -1.0
  100 HSCJ100300+013152 150.750448   1.531020 0.6946  26.037 0.66918
  101 HSCJ100307+005733 150.780706   0.959166 0.8710  15.953 -1.0
  102 HSCJ100317+031207 150.820401   3.201887 0.9800  19.805 -1.0
  103 HSCJ100340+024624 150.914600   2.773258 0.1720  15.419 -1.0
  104 HSCJ100358+010537 150.993428   1.093746 0.7521  22.762 0.75110
  105 HSCJ100359+023701 150.996840   2.616874 0.3263  16.335 0.35058
  106 HSCJ100421+021635 151.087262   2.276308 1.0159  15.040 -1.0
  107 HSCJ100452+025434 151.214728   2.909356 0.1080  20.353 0.10644
  108 HSCJ100459+015442 151.245921   1.911798 0.2087  22.877 0.22502
  109 HSCJ100500+015703 151.249691   1.950798 0.9262  18.082 -1.0
  110 HSCJ100531+025813 151.378542   2.970341 0.4800  33.721 -1.0
  111 HSCJ100532+023518 151.381353   2.588445 0.3477  74.420 0.36960
  112 HSCJ100537+021812 151.404748   2.303405 1.1040  15.564 -1.0
  113 HSCJ100543+013458 151.429465   1.582712 0.8207  19.112 -1.0
  114 HSCJ100543+033159 151.430035   3.533072 0.7141  16.488 -1.0
  115 HSCJ100655+013433 151.729302   1.575965 0.9280  21.163 -1.0
  116 HSCJ100657+025539 151.739431   2.927411 0.9852  26.064 -1.0
  117 HSCJ100705+012909 151.772446   1.485764 0.8980  19.458 -1.0
  118 HSCJ160037+552727 240.154893  55.457517 0.4793  27.261 0.46503
  119 HSCJ160101+551225 240.253459  55.207042 1.1837  15.515 -1.0
  120 HSCJ160106+543223 240.275615  54.539622 0.2640  17.254 -1.0
  121 HSCJ160159+552418 240.495567  55.404902 0.4065  34.279 0.40022
  122 HSCJ160302+550842 240.759467  55.144933 0.2559  16.507 -1.0
  123 HSCJ160434+551301 241.141994  55.217045 0.3787  21.171 0.39354
  124 HSCJ160436+555710 241.152051  55.952816 0.3867  36.267 0.39723
  125 HSCJ160439+543137 241.164027  54.526879 0.2565  93.063 -1.0
  126 HSCJ160502+553750 241.258613  55.630648 0.2400  59.938 -1.0
  127 HSCJ160508+545208 241.283481  54.869020 0.6054  23.515 0.61215
  128 HSCJ160538+551316 241.407666  55.221100 0.2545  18.074 -1.0
  129 HSCJ160545+544618 241.438626  54.771587 0.4690  16.977 -1.0
  130 HSCJ160551+544727 241.460631  54.790937 0.2607  30.558 0.23298
  131 HSCJ160555+541238 241.479714  54.210591 0.8890  32.143 -1.0
  132 HSCJ160600+545854 241.500668  54.981757 0.5400  20.957 0.55461
  133 HSCJ160605+542841 241.520305  54.477986 0.7782  34.414 0.77367
  134 HSCJ160621+545643 241.587014  54.945296 0.6593  18.741 0.67246
  135 HSCJ160628+544945 241.614606  54.829083 0.6850  17.465 -1.0
  136 HSCJ160633+535359 241.637582  53.899641 0.3621  45.434 0.35301
  137 HSCJ160639+560806 241.663269  56.135087 0.7891  30.546 0.79343
  138 HSCJ160640+551809 241.665653  55.302377 0.6307  18.706 0.64163
  139 HSCJ160724+550145 241.849049  55.029268 0.5680  16.722 -1.0
  140 HSCJ160805+540837 242.019086  54.143685 0.2340  18.782 0.23392
  141 HSCJ160808+541724 242.032268  54.290107 0.8889  16.018 -1.0
  142 HSCJ160827+531435 242.113805  53.242982 0.1780  26.046 0.16139
  143 HSCJ160840+540557 242.166974  54.099032 0.9800  30.452 -1.0
  144 HSCJ160900+545711 242.250027  54.953150 0.8884  15.071 -1.0
  145 HSCJ160903+534302 242.261537  53.717193 0.7439  27.309 0.73500
  146 HSCJ161038+540531 242.658004  54.091910 0.3400  39.491 0.33868
  147 HSCJ161049+552623 242.704426  55.439643 0.6600  20.058 -1.0
  148 HSCJ161054+554838 242.723421  55.810591 0.2521  30.306 -1.0
  149 HSCJ161101+561748 242.752404  56.296798 0.2962  30.878 -1.0
  150 HSCJ161111+562145 242.793959  56.362575 0.3547  16.361 0.33671
  151 HSCJ161112+553451 242.798732  55.580789 0.2239  53.063 0.21706
  152 HSCJ161136+541635 242.899724  54.276265 0.3421  59.583 0.33739
  153 HSCJ161154+562442 242.974723  56.411672 0.4340  19.287 0.42144
  154 HSCJ161213+544118 243.054309  54.688374 0.2201  15.345 0.21092
  155 HSCJ161221+532107 243.087390  53.351910 0.1745  24.597 -1.0
  156 HSCJ161224+534029 243.098729  53.674696 0.1546  18.143 -1.0
  157 HSCJ161225+555438 243.103339  55.910497 0.2740  40.058 0.26624
  158 HSCJ161227+544824 243.111471  54.806797 0.3340  17.008 0.32822
  159 HSCJ161235+534048 243.147755  53.679912 0.2608  17.377 -1.0
  160 HSCJ161242+562402 243.174029  56.400674 0.6489  17.894 -1.0
  161 HSCJ161249+550239 243.205028  55.044300 0.4960  17.773 0.49189
  162 HSCJ161249+540837 243.205992  54.143572 0.1608  27.337 0.15165
  163 HSCJ161252+553529 243.215998  55.591409 0.2499  17.187 -1.0
  164 HSCJ161257+533514 243.239395  53.587321 1.0893  16.852 -1.0
  165 HSCJ161259+555925 243.245019  55.990336 0.9268  26.760 -1.0
  166 HSCJ161317+560119 243.322798  56.022025 0.4939  21.432 -1.0
  167 HSCJ161321+541031 243.336171  54.175244 0.2320  15.302 0.22648
  168 HSCJ161357+544820 243.486982  54.805543 0.4335  20.671 -1.0
  169 HSCJ161401+542627 243.505539  54.440937 0.2760  18.282 -1.0
  170 HSCJ161409+533145 243.538289  53.529282 0.1860  18.898 0.16175
  171 HSCJ161412+554132 243.549793  55.692331 0.2542  21.247 0.25077
  172 HSCJ161414+554729 243.557626  55.791506 0.4942  17.642 0.49607
  173 HSCJ161415+544328 243.564100  54.724547 0.3380  58.474 0.33289
  174 HSCJ161417+540433 243.570704  54.075923 0.8646  39.146 0.85299
  175 HSCJ161429+555719 243.619561  55.955184 0.8881  24.987 -1.0
  176 HSCJ161434+542551 243.643491  54.430889 0.2334  33.604 0.23271
  177 HSCJ161437+563755 243.654225  56.632079 0.1622  15.480 0.13622
  178 HSCJ161500+563311 243.750584  56.552944 0.8511  18.753 -1.0
  179 HSCJ161538+535634 243.907764  53.942861 0.5980  20.615 -1.0
  180 HSCJ161548+532829 243.949168  53.474606 0.3800  22.114 0.39133
  181 HSCJ161552+533943 243.964681  53.661885 0.8533  23.910 -1.0
  182 HSCJ161634+553955 244.142883  55.665297 0.2529  37.044 0.24262
  183 HSCJ161635+562149 244.146627  56.363689 0.9069  15.130 -1.0
  184 HSCJ161641+554512 244.172126  55.753435 1.1741  41.297 1.15800
  185 HSCJ161654+550833 244.223138  55.142605 0.4236  19.898 0.43103
  186 HSCJ161655+560222 244.227251  56.039378 0.3103  15.531 -1.0
  187 HSCJ161704+545025 244.268197  54.840189 0.4290  20.620 -1.0
  188 HSCJ161755+545606 244.479035  54.934953 0.1629  15.148 -1.0
  189 HSCJ161810+545922 244.541397  54.989309 0.4359  16.307 -1.0
  190 HSCJ161821+543040 244.587209  54.510991 0.7866  28.752 0.78780
  191 HSCJ161826+542543 244.607684  54.428485 0.5445  22.444 0.55225
  192 HSCJ161830+541729 244.625969  54.291264 0.2658  15.023 -1.0
  193 HSCJ161831+553016 244.628494  55.504414 0.5766  15.574 0.59654
  194 HSCJ161831+543828 244.630492  54.641058 0.5550  18.763 0.55361
  195 HSCJ161834+551751 244.642372  55.297392 0.2600  36.734 0.26425
  196 HSCJ161848+545049 244.700816  54.846929 0.5631  15.458 -1.0
  197 HSCJ161859+545228 244.744510  54.874329 0.2145  19.076 0.21388
  198 HSCJ161915+551341 244.811418  55.228050 0.3532  24.266 0.34323
  199 HSCJ161925+551436 244.853049  55.243418 0.6720  32.848 -1.0
  200 HSCJ161935+545306 244.895973  54.884867 0.4800  18.023 0.48509
  201 HSCJ162118+550136 245.325343  55.026551 0.6732  22.837 0.70307
  202 HSCJ162139+545743 245.413726  54.961945 0.2460  29.720 0.26701
  203 HSCJ162140+550141 245.418237  55.027977 0.3200  22.349 -1.0
  204 HSCJ232114-010142 350.308634  -1.028307 0.7883  16.202 -1.0
  205 HSCJ232209-012057 350.537059  -1.349057 0.3520  28.789 0.35187
  206 HSCJ232226-002344 350.607666  -0.395518 0.2834  80.540 -1.0
  207 HSCJ232241-003418 350.671473  -0.571571 0.5956  19.431 0.58981
  208 HSCJ232303-010243 350.761891  -1.045307 0.3992  18.236 0.38911
  209 HSCJ232333-000444 350.888823  -0.078882 0.7082  25.171 0.69869
  210 HSCJ232335+000445 350.894049   0.079236 1.0719  16.122 -1.0
  211 HSCJ232353-013335 350.970933  -1.559646 0.4208  33.250 -1.0
  212 HSCJ232422+001909 351.089974   0.319074 0.1680  27.378 0.14946
  213 HSCJ232503-003819 351.264139  -0.638577 0.3486  18.450 -1.0
  214 HSCJ232507+003920 351.277472   0.655672 0.6700  19.719 0.67327
  215 HSCJ232518+004447 351.326222   0.746420 1.1511  15.364 -1.0
  216 HSCJ232540-001112 351.417923  -0.186552 0.5713  21.175 0.56906
  217 HSCJ232541-002013 351.422458  -0.336937 0.5870  15.312 0.58080
  218 HSCJ232619+003017 351.578284   0.504805 1.1706  26.593 -1.0
  219 HSCJ232707-002400 351.777521  -0.399991 0.2941  18.379 0.27940
  220 HSCJ232712-011338 351.798265  -1.227257 0.2474  16.314 -1.0
  221 HSCJ232723-002944 351.844875  -0.495488 0.7472  18.012 -1.0
  222 HSCJ232732+005634 351.882812   0.942802 0.2560  50.779 0.27881
  223 HSCJ232733-000106 351.886694  -0.018468 0.4252  16.522 0.41634
  224 HSCJ232734+003627 351.890123   0.607420 0.4320  15.274 -1.0
  225 HSCJ232745+005727 351.936798   0.957510 0.6279  23.218 -1.0
  226 HSCJ232846-013441 352.191610  -1.578095 0.9466  15.677 -1.0
  227 HSCJ232919+000805 352.328989   0.134768 0.3900  17.363 0.40451
  228 HSCJ232923-000835 352.345172  -0.143130 0.8533  15.958 -1.0
  229 HSCJ232948-012048 352.449297  -1.346622 0.5316  15.105 0.53732
  230 HSCJ232948-000955 352.451582  -0.165399 0.9403  19.179 0.90795
  231 HSCJ232949+005358 352.454481   0.899490 0.5070  43.318 -1.0
  232 HSCJ233006+005710 352.524174   0.952747 0.6319  15.767 0.63634
  233 HSCJ233007-003646 352.527906  -0.612690 0.1816  21.953 0.17620
  234 HSCJ233015-011940 352.564214  -1.327718 0.5079  26.103 -1.0
  235 HSCJ233031+003810 352.628834   0.636224 0.2599  26.882 -1.0
  236 HSCJ233100-012201 352.750534  -1.367063 0.8047  15.814 -1.0
  237 HSCJ233101+002310 352.753635   0.386239 0.7887  18.538 0.78269
  238 HSCJ233109-013001 352.789411  -1.500415 1.1560  27.580 -1.0
  239 HSCJ233119+003447 352.828313   0.579848 0.4893  17.972 0.45578
  240 HSCJ233128+003654 352.867098   0.615110 0.2600  31.308 0.28170
  241 HSCJ233157+010231 352.987584   1.041993 0.4614  21.205 0.48862
  242 HSCJ233235+010331 353.147072   1.058499 1.0103  37.357 -1.0
  243 HSCJ233241-010527 353.170384  -1.090945 0.5290  16.984 0.52505
  244 HSCJ233242-001440 353.173906  -0.244556 1.1381  34.024 -1.0
  245 HSCJ233315+010017 353.312507   1.004774 0.4548  17.675 0.48697
  246 HSCJ233328-000122 353.366244  -0.022748 0.5034  23.861 0.51201
  247 HSCJ233524+003223 353.848069   0.539787 0.5232  17.354 0.50763
  248 HSCJ233534+001428 353.893629   0.241214 0.4720  18.691 0.46599
