# Supplementary Table 3 of Oguri et al. PASJ (arXiv:1701.00818)
# CAMIRA HSC S16A Deep cluster catalog 
# column 1: ID
# column 2: Name
# column 3: RA [deg]
# column 4: Dec [deg]
# column 5: cluster photometric redshift z_cl
# column 6: richness N_mem
# column 7: spectroscopic redshift of BCG (-1.0 if not available)
    1 HSCJ022056-033348  35.231560  -3.563259 1.0678  35.074 -1.0
    2 HSCJ022107-033127  35.278624  -3.524064 0.5720  25.376 0.55161
    3 HSCJ022108-035441  35.285093  -3.911406 0.8567  17.703 -1.0
    4 HSCJ022142-034815  35.424844  -3.804184 0.4300  21.070 -1.0
    5 HSCJ022156-034054  35.481331  -3.681544 1.0580  40.916 -1.0
    6 HSCJ022159-054443  35.497276  -5.745324 0.8700  26.398 -1.0
    7 HSCJ022202-043205  35.510156  -4.534660 0.3120  16.345 -1.0
    8 HSCJ022204-052938  35.515189  -5.493935 0.9914  16.531 0.95672
    9 HSCJ022252-032838  35.716325  -3.477322 1.0240  21.155 -1.0
   10 HSCJ022343-050201  35.927348  -5.033582 0.8497  22.014 0.85930
   11 HSCJ022351-053640  35.960462  -5.610976 0.5075  15.918 0.49840
   12 HSCJ022358-043505  35.991793  -4.584673 0.5000  17.525 0.49469
   13 HSCJ022359-034354  35.996567  -3.731646 0.8420  23.383 -1.0
   14 HSCJ022401-032535  36.002617  -3.426487 0.7947  24.726 -1.0
   15 HSCJ022420-033626  36.083788  -3.607318 0.6159  22.211 0.61130
   16 HSCJ022437-041525  36.154521  -4.256902 1.0599  15.082 -1.0
   17 HSCJ022502-034844  36.257466  -3.812212 0.6093  22.788 -1.0
   18 HSCJ022531-041419  36.378146  -4.238507 0.1525  18.456 0.14285
   19 HSCJ022537-042408  36.405114  -4.402319 0.9307  20.822 -1.0
   20 HSCJ022703-041744  36.763810  -4.295512 1.0918  19.433 -1.0
   21 HSCJ022755-035954  36.979582  -3.998334 0.8746  15.380 -1.0
   22 HSCJ022804-045059  37.018671  -4.849839 0.2812  27.478 0.29408
   23 HSCJ022829-045939  37.121878  -4.994080 0.3074  21.283 0.33416
   24 HSCJ022831-044351  37.130251  -4.730839 0.6160  23.858 0.61139
   25 HSCJ022933-043948  37.387750  -4.663200 0.6200  18.042 0.62504
   26 HSCJ095524+010259 148.850702   1.049790 0.9860  18.331 -1.0
   27 HSCJ095528+013947 148.866929   1.663009 0.1093  21.034 0.09841
   28 HSCJ095537+010329 148.905622   1.057921 0.4518  24.804 -1.0
   29 HSCJ095538+025732 148.907535   2.958852 0.8665  17.855 -1.0
   30 HSCJ095553+022107 148.969970   2.351887 1.0469  17.327 -1.0
   31 HSCJ095606+023650 149.024508   2.613981 0.4798  17.114 0.48299
   32 HSCJ095612+015932 149.048752   1.992232 0.9600  37.472 -1.0
   33 HSCJ095624+015559 149.101240   1.932967 0.9500  19.453 -1.0
   34 HSCJ095639+023600 149.161283   2.600126 0.7300  18.515 -1.0
   35 HSCJ095706+022926 149.275414   2.490542 0.9396  15.430 -1.0
   36 HSCJ095708+021241 149.282882   2.211403 0.8211  22.021 -1.0
   37 HSCJ095737+023426 149.404281   2.573836 0.3720  37.439 0.37338
   38 HSCJ095740+015234 149.417044   1.876080 0.9444  18.087 -1.0
   39 HSCJ095743+005441 149.427276   0.911293 0.2200  15.577 0.21854
   40 HSCJ095746+022533 149.441599   2.425958 0.4751  20.166 0.48068
   41 HSCJ095748+030335 149.451328   3.059685 0.8844  22.689 -1.0
   42 HSCJ095805+032643 149.521035   3.445180 0.1780  48.926 0.17021
   43 HSCJ095823+005309 149.596450   0.885956 0.9353  20.963 -1.0
   44 HSCJ095824+024916 149.600094   2.821167 0.3413  20.103 0.34348
   45 HSCJ095831+010937 149.631188   1.160350 0.5541  16.263 0.55033
   46 HSCJ095836+021233 149.649625   2.209274 0.9379  15.270 0.95485
   47 HSCJ095853+005804 149.722239   0.967810 0.6720  22.677 0.66990
   48 HSCJ095902+024741 149.756296   2.794744 0.5000  15.778 0.48942
   49 HSCJ095903+025545 149.761362   2.929086 0.3320  26.394 0.34852
   50 HSCJ095917+031506 149.821841   3.251624 0.8926  23.798 -1.0
   51 HSCJ095918+033052 149.826363   3.514350 0.7300  21.242 0.71729
   52 HSCJ095919+011639 149.829014   1.277479 0.1165  24.757 0.10229
   53 HSCJ095921+010130 149.835846   1.024880 0.4265  15.120 -1.0
   54 HSCJ095922+011559 149.840270   1.266446 0.3680  17.312 -1.0
   55 HSCJ095923+012608 149.844626   1.435681 0.8360  15.924 -1.0
   56 HSCJ095938+031002 149.906918   3.167292 0.2938  15.836 0.30445
   57 HSCJ095939+023044 149.913213   2.512214 0.7300  51.739 0.55920
   58 HSCJ095951+022058 149.961437   2.349410 0.9460  15.323 0.93475
   59 HSCJ095956+031534 149.981976   3.259445 0.9711  16.453 -1.0
   60 HSCJ100005+030805 150.020715   3.134643 1.0020  16.931 -1.0
   61 HSCJ100019+023256 150.077126   2.548944 0.8668  15.796 -1.0
   62 HSCJ100037+025508 150.153624   2.918850 0.6006  15.926 -1.0
   63 HSCJ100049+013820 150.203902   1.638928 0.2280  23.208 0.21630
   64 HSCJ100123+025828 150.345727   2.974565 0.4882  15.106 0.49800
   65 HSCJ100126+010220 150.358036   1.038915 0.1027  15.535 0.09302
   66 HSCJ100129+015958 150.369304   1.999517 0.8199  16.329 -1.0
   67 HSCJ100212+032804 150.550442   3.467883 0.9512  17.240 -1.0
   68 HSCJ100221+032807 150.586370   3.468701 1.0881  31.802 -1.0
   69 HSCJ100238+033155 150.659135   3.532027 1.0959  17.067 -1.0
   70 HSCJ100252+031427 150.716324   3.240908 0.5496  28.199 0.53598
   71 HSCJ100259+004414 150.745387   0.737172 0.4800  18.462 -1.0
   72 HSCJ100259+030660 150.745899   3.116567 0.8899  18.778 -1.0
   73 HSCJ100300+013152 150.750465   1.531029 0.6761  30.346 0.66923
   74 HSCJ100307+005733 150.780719   0.959175 0.8543  24.922 -1.0
   75 HSCJ100317+031149 150.822853   3.196910 0.9947  24.372 -1.0
   76 HSCJ100322+022708 150.841927   2.452282 0.8965  22.180 -1.0
   77 HSCJ100334+025053 150.892634   2.848179 0.1123  16.987 0.10381
   78 HSCJ100336+011123 150.901952   1.189784 0.7380  19.768 -1.0
   79 HSCJ100337+025120 150.903454   2.855471 0.1877  23.204 -1.0
   80 HSCJ100354+023842 150.975196   2.645052 0.3200  17.523 -1.0
   81 HSCJ100422+021605 151.091393   2.268051 1.0000  21.818 -1.0
   82 HSCJ100452+025434 151.214762   2.909371 0.1220  19.214 0.10644
   83 HSCJ100458+015556 151.243710   1.932147 0.9139  22.855 -1.0
   84 HSCJ100514+015142 151.308676   1.861563 0.8909  16.776 -1.0
   85 HSCJ100516+010052 151.318730   1.014369 1.0838  18.033 -1.0
   86 HSCJ100527+015344 151.363349   1.895466 0.8105  21.440 0.81960
   87 HSCJ100528+025760 151.365514   2.966575 0.4793  41.367 0.48582
   88 HSCJ100532+023518 151.381402   2.588454 0.3724  54.640 0.36961
   89 HSCJ100543+013458 151.429481   1.582707 0.8093  22.195 -1.0
   90 HSCJ100653+025537 151.720121   2.926842 0.9848  15.180 -1.0
   91 HSCJ160441+551238 241.170632  55.210490 0.3380  15.963 -1.0
   92 HSCJ160444+543129 241.183119  54.524803 0.2552  69.137 -1.0
   93 HSCJ160457+553819 241.236744  55.638541 0.2462  54.092 -1.0
   94 HSCJ160508+545208 241.283472  54.869004 0.6040  16.472 0.61227
   95 HSCJ160539+560010 241.411486  56.002749 0.9310  15.094 -1.0
   96 HSCJ160551+544727 241.460637  54.790931 0.2556  24.769 0.23298
   97 HSCJ160560+545758 241.498088  54.966237 0.5419  20.102 -1.0
   98 HSCJ160605+542841 241.520332  54.478003 0.7802  36.659 0.77245
   99 HSCJ160621+545643 241.587022  54.945299 0.6720  16.843 0.67247
  100 HSCJ160621+561355 241.588769  56.231902 0.7853  16.897 -1.0
  101 HSCJ160628+544945 241.614617  54.829085 0.6809  16.249 -1.0
  102 HSCJ160633+535359 241.637622  53.899626 0.3547  41.423 0.35300
  103 HSCJ160639+560806 241.663320  56.135075 0.7900  30.481 0.79325
  104 HSCJ160640+551809 241.665687  55.302391 0.6300  15.516 -1.0
  105 HSCJ160641+553245 241.672521  55.545820 0.8007  19.279 -1.0
  106 HSCJ160642+541349 241.675192  54.230149 0.9087  16.125 -1.0
  107 HSCJ160724+550145 241.849093  55.029293 0.5807  15.107 -1.0
  108 HSCJ160808+541724 242.032300  54.290111 0.8922  26.187 -1.0
  109 HSCJ160840+540556 242.167022  54.099025 0.9720  25.315 -1.0
  110 HSCJ160860+534328 242.249534  53.724555 0.7340  19.510 -1.0
  111 HSCJ161039+540554 242.662645  54.098307 0.3300  29.465 0.33782
  112 HSCJ161049+552623 242.704413  55.439648 0.6708  20.700 -1.0
  113 HSCJ161054+554838 242.723412  55.810594 0.2388  29.316 -1.0
  114 HSCJ161058+551455 242.741863  55.248643 0.7726  15.735 -1.0
  115 HSCJ161101+561748 242.752408  56.296794 0.2880  22.435 -1.0
  116 HSCJ161112+553451 242.798721  55.580802 0.2120  35.180 0.21704
  117 HSCJ161136+541635 242.899752  54.276263 0.3320  48.329 0.33740
  118 HSCJ161154+562442 242.974717  56.411663 0.4154  19.340 0.42145
  119 HSCJ161225+555438 243.103309  55.910488 0.2560  30.714 0.26621
  120 HSCJ161225+541939 243.106225  54.327519 1.0921  20.585 -1.0
  121 HSCJ161237+555108 243.156084  55.852270 0.3080  22.170 -1.0
  122 HSCJ161242+562402 243.174027  56.400673 0.6379  16.992 -1.0
  123 HSCJ161245+540619 243.185731  54.105180 0.1481  20.781 -1.0
  124 HSCJ161252+553529 243.216013  55.591425 0.2500  17.875 -1.0
  125 HSCJ161257+533514 243.239365  53.587312 1.0963  18.561 -1.0
  126 HSCJ161259+555925 243.244998  55.990324 0.9075  32.178 -1.0
  127 HSCJ161317+560119 243.322769  56.022019 0.5000  16.668 0.48991
  128 HSCJ161353+542724 243.470512  54.456774 0.2941  16.561 0.29023
  129 HSCJ161402+554115 243.510197  55.687451 0.9028  17.890 -1.0
  130 HSCJ161412+554132 243.549808  55.692338 0.2455  20.158 0.25076
  131 HSCJ161414+554729 243.557623  55.791509 0.4960  16.138 0.49613
  132 HSCJ161415+544328 243.564108  54.724555 0.3333  43.937 0.33286
  133 HSCJ161417+540433 243.570738  54.075928 0.8716  47.184 -1.0
  134 HSCJ161430+555706 243.624931  55.951628 0.8966  23.678 -1.0
  135 HSCJ161434+542551 243.643507  54.430892 0.2229  27.250 0.23271
  136 HSCJ161634+553955 244.142870  55.665314 0.2420  30.942 0.24259
  137 HSCJ161704+545024 244.268721  54.840059 0.4411  16.397 0.44148
  138 HSCJ161821+543040 244.587257  54.510992 0.7996  26.591 -1.0
  139 HSCJ161826+542543 244.607730  54.428495 0.5670  16.192 0.55225
  140 HSCJ161838+551714 244.659457  55.287121 0.2600  24.930 0.26894
  141 HSCJ161912+551443 244.798770  55.245351 0.3380  16.756 -1.0
  142 HSCJ161925+551436 244.853075  55.243403 0.7000  30.578 -1.0
  143 HSCJ232226-002344 350.607636  -0.395489 0.3011  54.323 0.27832
  144 HSCJ232411-001152 351.045548  -0.197746 0.9817  15.833 -1.0
  145 HSCJ232423-000823 351.095697  -0.139670 0.8480  15.142 -1.0
  146 HSCJ232454+000453 351.227062   0.081395 0.8536  16.071 -1.0
  147 HSCJ232507+003920 351.277462   0.655694 0.7024  25.496 0.67346
  148 HSCJ232540-001111 351.417908  -0.186514 0.5880  18.755 0.56904
  149 HSCJ232706-002345 351.775212  -0.395930 0.3020  18.985 -1.0
  150 HSCJ232723-002944 351.844851  -0.495473 0.7619  18.457 -1.0
  151 HSCJ232728+003529 351.866421   0.591487 0.4614  15.162 0.45692
  152 HSCJ232732+005634 351.882776   0.942824 0.2875  54.837 0.27881
  153 HSCJ232745+005727 351.936770   0.957533 0.6404  22.317 0.64572
  154 HSCJ232823+002325 352.095806   0.390271 0.4144  19.250 0.40785
  155 HSCJ232919+000805 352.328965   0.134800 0.4186  17.147 0.40451
  156 HSCJ232924-004855 352.348723  -0.815390 0.3100  35.181 0.30072
  157 HSCJ232948-000955 352.451551  -0.165370 0.9280  31.843 -1.0
  158 HSCJ233007-003646 352.527872  -0.612661 0.1820  19.758 0.17620
  159 HSCJ233031+003811 352.628775   0.636254 0.2849  25.184 -1.0
  160 HSCJ233055-001107 352.729914  -0.185232 0.4854  15.436 -1.0
  161 HSCJ233101+002311 352.753597   0.386261 0.7837  18.278 0.78269
  162 HSCJ233126+003655 352.860158   0.615279 0.2869  28.009 0.27394
  163 HSCJ233130+000946 352.876549   0.162803 0.6120  15.852 -1.0
  164 HSCJ233157+004435 352.985481   0.743044 1.0176  16.800 -1.0
  165 HSCJ233200-001612 353.000158  -0.270027 0.9932  19.243 -1.0
  166 HSCJ233328-000122 353.366202  -0.022722 0.5131  16.528 0.51191
