# CAMIRA HSC S23B Deep+UD cluster catalog with star mask
# Oguri et al. arXiv:2512.13954
# column 1: ID
# column 2: Name
# column 3: RA [deg]
# column 4: Dec [deg]
# column 5: cluster photometric redshift z_cl
# column 6: richness N_mem
# column 7: spectroscopic redshift of BCG (-1.0 if not available)
    1 HSCJ021511-050339  33.797094  -5.060875 0.7600  16.557 0.75587
    2 HSCJ021528-044041  33.867679  -4.678112 0.3438  63.375 0.34784
    3 HSCJ021634-041821  34.140492  -4.305831 0.1534  31.174 0.13812
    4 HSCJ021636-042706  34.150787  -4.451532 0.4490  29.664 0.44750
    5 HSCJ021735-051330  34.397060  -5.225136 0.6444  21.608 0.64700
    6 HSCJ021822-053921  34.592556  -5.655933 0.6520  20.258 -1.0
    7 HSCJ021911-040158  34.794254  -4.032738 0.4340  16.402 0.43245
    8 HSCJ021915-034418  34.814271  -3.738369 0.7755  18.261 -1.0
    9 HSCJ021931-040418  34.877492  -4.071531 0.6060  22.799 0.60076
   10 HSCJ021942-045231  34.922935  -4.875217 0.3180  28.812 0.33286
   11 HSCJ021955-035040  34.978735  -3.844317 0.3520  21.144 0.36149
   12 HSCJ021956-052803  34.982772  -5.467566 0.2600  20.132 0.27847
   13 HSCJ022030-054714  35.123851  -5.787182 0.7882  17.174 0.78500
   14 HSCJ022056-033319  35.232247  -3.555399 1.0321  33.015 -1.0
   15 HSCJ022107-033127  35.278653  -3.524114 0.5715  37.111 0.55128
   16 HSCJ022137-051838  35.403234  -5.310515 0.8569  16.947 0.83292
   17 HSCJ022144-032106  35.432902  -3.351544 1.0260  27.282 -1.0
   18 HSCJ022146-034619  35.440619  -3.771926 0.4305  99.732 0.43314
   19 HSCJ022156-034054  35.481352  -3.681586 1.0549  35.453 1.03068
   20 HSCJ022156-054532  35.484962  -5.758796 0.2466  22.605 0.25907
   21 HSCJ022156-042941  35.485023  -4.494822 0.1412  15.394 0.20496
   22 HSCJ022159-054443  35.497316  -5.745322 0.8568  20.039 -1.0
   23 HSCJ022202-043205  35.510179  -4.534672 0.3180  29.471 0.31871
   24 HSCJ022253-032823  35.720254  -3.473048 1.0400  17.257 1.01315
   25 HSCJ022254-033615  35.723582  -3.604141 0.4287  16.745 0.43089
   26 HSCJ022307-035648  35.779548  -3.946704 0.6360  15.772 -1.0
   27 HSCJ022342-043052  35.924080  -4.514361 0.4400  22.529 0.43613
   28 HSCJ022347-050035  35.944437  -5.009835 0.8822  28.092 0.86399
   29 HSCJ022351-053640  35.960491  -5.611032 0.5080  36.173 0.49800
   30 HSCJ022358-043505  35.991830  -4.584715 0.4798  27.103 0.49456
   31 HSCJ022359-034354  35.996589  -3.731680 0.8393  18.592 0.83668
   32 HSCJ022402-050527  36.009030  -5.090754 0.3300  16.971 0.32358
   33 HSCJ022404-041327  36.017480  -4.224058 1.0893  17.932 -1.0
   34 HSCJ022420-033626  36.083803  -3.607350 0.6060  22.370 0.61133
   35 HSCJ022434-045007  36.139608  -4.835342 0.4866  24.608 0.49427
   36 HSCJ022435-041243  36.145243  -4.212022 0.2569  23.316 0.26408
   37 HSCJ022447-052658  36.195019  -5.449380 0.7234  15.061 0.72788
   38 HSCJ022455-033204  36.228567  -3.534382 0.7964  19.972 0.79458
   39 HSCJ022525-044045  36.352975  -4.679216 0.2673  18.526 0.26393
   40 HSCJ022531-041419  36.378202  -4.238514 0.1580  21.972 0.14287
   41 HSCJ022532-035510  36.385329  -3.919332 0.7660  15.269 0.77283
   42 HSCJ022533-053205  36.388842  -5.534608 0.5740  17.654 0.56657
   43 HSCJ022557-053834  36.487059  -5.642848 0.2049  19.283 0.19475
   44 HSCJ022612-054726  36.548487  -5.790470 0.7927  17.823 0.80980
   45 HSCJ022618-035958  36.575586  -3.999446 0.2010  20.132 0.20926
   46 HSCJ022636-040410  36.648635  -4.069549 0.3323  16.746 0.34572
   47 HSCJ022644-034126  36.681921  -3.690487 0.3208  18.243 0.32814
   48 HSCJ022715-050432  36.813271  -5.075645 0.1560  20.967 0.14309
   49 HSCJ022726-043214  36.858465  -4.537278 0.3212  15.802 0.30832
   50 HSCJ022804-045100  37.018689  -4.849880 0.2918  38.339 0.29414
   51 HSCJ022828-042608  37.115949  -4.435440 0.4303  39.386 0.43194
   52 HSCJ022829-045939  37.121886  -4.994115 0.3380  27.926 0.33420
   53 HSCJ022831-044351  37.130253  -4.730873 0.6020  38.365 0.61145
   54 HSCJ022933-043948  37.387777  -4.663239 0.6192  28.343 0.62480
   55 HSCJ023003-035937  37.512685  -3.993687 0.5859  17.462 0.58695
   56 HSCJ023028-043349  37.615630  -4.563597 0.2880  28.656 0.29508
   57 HSCJ095422+011741 148.593047   1.294669 0.4676  17.642 0.45216
   58 HSCJ095458+030823 148.741734   3.139672 0.3380  16.482 0.34359
   59 HSCJ095504+032743 148.766054   3.461925 0.6980  15.060 0.69645
   60 HSCJ095528+013947 148.866920   1.662984 0.1027  19.705 0.09837
   61 HSCJ095536+010310 148.898165   1.052659 0.4540  35.321 -1.0
   62 HSCJ095536+030247 148.901971   3.046432 0.8100  15.355 0.81108
   63 HSCJ095608+015910 149.033261   1.986211 0.9720  27.905 0.95859
   64 HSCJ095619+031607 149.077554   3.268723 0.3349  17.262 0.31408
   65 HSCJ095624+015559 149.101235   1.932953 0.9719  15.159 0.96309
   66 HSCJ095634+030538 149.141945   3.093937 0.3460  17.979 0.35355
   67 HSCJ095641+023643 149.172168   2.612016 0.7323  18.530 0.73651
   68 HSCJ095649+023637 149.204376   2.610200 0.5416  18.804 0.54103
   69 HSCJ095723+034440 149.345664   3.744566 0.7120  23.625 -1.0
   70 HSCJ095728+033956 149.365902   3.665492 0.1693  35.603 0.16461
   71 HSCJ095742+023352 149.424320   2.564432 0.3932  40.300 -1.0
   72 HSCJ095743+005441 149.427236   0.911281 0.2220  15.511 0.21860
   73 HSCJ095746+022533 149.441575   2.425930 0.4800  19.641 0.48063
   74 HSCJ095748+030335 149.451329   3.059674 0.8964  19.779 0.87989
   75 HSCJ095759+032726 149.497195   3.457180 0.1680  54.801 0.16548
   76 HSCJ095824+024916 149.600086   2.821157 0.3340  24.731 0.34471
   77 HSCJ095837+011104 149.655541   1.184513 0.6500  22.238 0.67072
   78 HSCJ095847+033929 149.697231   3.658017 0.4371  19.379 0.42556
   79 HSCJ095903+025545 149.761343   2.929083 0.3311  32.803 0.34846
   80 HSCJ095918+033052 149.826346   3.514333 0.7160  25.143 0.71771
   81 HSCJ095921+011752 149.837655   1.297745 0.1065  26.843 0.09464
   82 HSCJ095924+011449 149.849872   1.246859 0.3571  25.951 0.35681
   83 HSCJ095924+014624 149.851449   1.773217 0.1300  15.040 0.12471
   84 HSCJ095938+031001 149.906612   3.167042 0.3040  22.560 -1.0
   85 HSCJ095941+030140 149.919219   3.027691 0.1056  15.289 0.08018
   86 HSCJ095948+004908 149.948737   0.818810 0.2029  15.427 0.21944
   87 HSCJ095951+014049 149.964110   1.680331 0.3620  18.238 0.37214
   88 HSCJ100002+011852 150.008072   1.314581 0.2224  19.761 0.22065
   89 HSCJ100015+011002 150.063342   1.167105 0.2300  21.274 0.24707
   90 HSCJ100022+032416 150.089707   3.404581 1.0024  20.315 0.99198
   91 HSCJ100022+022328 150.090886   2.391224 0.2171  37.365 0.22061
   92 HSCJ100046+013926 150.189763   1.657359 0.2175  34.080 0.22058
   93 HSCJ100057+013142 150.238619   1.528438 0.3580  19.776 0.36311
   94 HSCJ100108+005630 150.281396   0.941534 0.8753  15.037 0.86778
   95 HSCJ100120+005207 150.331264   0.868680 1.0020  16.845 1.00248
   96 HSCJ100121+025917 150.335426   2.988130 0.5000  15.101 0.49927
   97 HSCJ100140+022549 150.415659   2.430186 0.1340  18.360 0.12412
   98 HSCJ100154+004905 150.476298   0.818055 0.9912  22.536 -1.0
   99 HSCJ100231+024610 150.630153   2.769556 0.2165  15.096 0.24801
  100 HSCJ100250+030027 150.709467   3.007526 0.6128  15.697 0.61047
  101 HSCJ100252+031427 150.716325   3.240902 0.5400  29.850 0.53605
  102 HSCJ100300+013152 150.750446   1.531020 0.6806  25.547 0.66896
  103 HSCJ100300+012508 150.751871   1.418901 0.2120  16.568 0.21519
  104 HSCJ100305+022509 150.770158   2.419204 0.1660  15.883 0.17781
  105 HSCJ100308+030637 150.783355   3.110312 0.5380  15.628 0.53532
  106 HSCJ100318+033839 150.824201   3.644107 0.6180  15.975 0.62189
  107 HSCJ100343+025049 150.927339   2.847038 0.1802  26.384 0.18528
  108 HSCJ100358+010537 150.993425   1.093748 0.7520  20.122 0.75062
  109 HSCJ100421+024907 151.086184   2.818712 0.3980  15.328 0.37371
  110 HSCJ100438+024004 151.157290   2.667803 0.3515  15.588 0.37199
  111 HSCJ100458+015556 151.243671   1.932122 0.9421  18.235 0.92573
  112 HSCJ100515+015155 151.311642   1.865176 0.2131  26.523 0.22757
  113 HSCJ100528+025800 151.365466   2.966578 0.4855  33.075 0.48570
  114 HSCJ100532+023518 151.381349   2.588442 0.3520  82.246 0.36957
  115 HSCJ100543+013458 151.429461   1.582708 0.8302  19.244 0.82807
  116 HSCJ100543+033159 151.430033   3.533069 0.7144  17.999 0.71185
  117 HSCJ100658+025449 151.740417   2.913738 1.0051  15.299 -1.0
  118 HSCJ160309+550637 240.788520  55.110329 0.4760  16.082 0.48315
  119 HSCJ160331+544454 240.877542  54.748405 0.2460  15.689 0.24790
  120 HSCJ160434+551301 241.141995  55.217043 0.3884  19.383 0.39325
  121 HSCJ160439+543137 241.164027  54.526870 0.2564  86.496 -1.0
  122 HSCJ160457+553819 241.236717  55.638573 0.2400  52.071 0.25488
  123 HSCJ160508+545208 241.283485  54.869019 0.6088  24.714 0.61236
  124 HSCJ160513+543842 241.304505  54.645057 0.6860  15.441 0.67448
  125 HSCJ160538+551316 241.407664  55.221099 0.2540  17.789 0.24868
  126 HSCJ160551+544727 241.460630  54.790934 0.2567  29.846 0.23312
  127 HSCJ160555+541238 241.479712  54.210587 0.8743  22.461 0.88971
  128 HSCJ160600+545854 241.500667  54.981756 0.5423  16.849 0.55461
  129 HSCJ160605+542841 241.520317  54.478002 0.7783  29.872 0.77281
  130 HSCJ160621+545643 241.587014  54.945294 0.6529  22.131 0.67256
  131 HSCJ160621+561355 241.588709  56.231904 0.7897  15.482 0.79148
  132 HSCJ160628+544945 241.614605  54.829081 0.6710  20.368 0.67221
  133 HSCJ160635+535337 241.645698  53.893731 0.3580  44.294 0.35041
  134 HSCJ160639+560806 241.663264  56.135083 0.7900  26.996 0.79339
  135 HSCJ160640+551809 241.665651  55.302376 0.6362  24.354 0.64167
  136 HSCJ160724+550145 241.849048  55.029267 0.5739  20.923 -1.0
  137 HSCJ160733+543525 241.888593  54.590140 0.3847  17.225 -1.0
  138 HSCJ160738+555911 241.909513  55.986424 0.4008  17.398 0.41158
  139 HSCJ160751+553345 241.963803  55.562573 0.2545  15.072 0.26681
  140 HSCJ160803+560653 242.011009  56.114836 0.4060  18.042 0.33991
  141 HSCJ160805+540837 242.019085  54.143681 0.2351  17.971 0.23390
  142 HSCJ160810+564614 242.040816  56.770462 0.4777  19.338 0.47895
  143 HSCJ160827+531435 242.113808  53.242981 0.1780  23.047 0.16139
  144 HSCJ160832+554440 242.134915  55.744375 0.2540  16.977 0.23047
  145 HSCJ160840+540557 242.166971  54.099030 0.9810  24.667 -1.0
  146 HSCJ160900+545711 242.250039  54.953146 0.9040  15.459 -1.0
  147 HSCJ160903+534302 242.261527  53.717193 0.7350  28.056 0.73500
  148 HSCJ160932+544508 242.383520  54.752203 0.2280  16.139 0.23440
  149 HSCJ161038+540531 242.657978  54.091859 0.3391  41.559 0.33901
  150 HSCJ161049+552623 242.704427  55.439641 0.6420  21.291 -1.0
  151 HSCJ161054+554838 242.723425  55.810592 0.2560  31.098 0.24906
  152 HSCJ161101+561748 242.752397  56.296798 0.2962  31.138 0.29735
  153 HSCJ161112+553451 242.798733  55.580785 0.2246  51.010 0.21706
  154 HSCJ161136+541635 242.899719  54.276263 0.3485  58.842 0.33731
  155 HSCJ161154+562442 242.974719  56.411670 0.4285  23.101 0.42145
  156 HSCJ161213+543938 243.054975  54.660678 0.2240  18.256 0.23595
  157 HSCJ161217+532154 243.070160  53.365002 0.1683  20.945 0.15989
  158 HSCJ161222+534055 243.091343  53.682081 0.2580  23.875 0.26331
  159 HSCJ161224+534029 243.098730  53.674693 0.1500  18.561 0.13446
  160 HSCJ161225+555438 243.103336  55.910494 0.2686  28.388 0.26610
  161 HSCJ161227+544824 243.111476  54.806795 0.3420  15.446 0.32818
  162 HSCJ161236+555158 243.149243  55.866098 0.3091  16.127 0.29864
  163 HSCJ161241+562423 243.171338  56.406427 0.6380  18.387 0.63860
  164 HSCJ161249+550239 243.205031  55.044293 0.4957  19.769 0.49208
  165 HSCJ161249+540837 243.205989  54.143570 0.1620  25.481 0.15167
  166 HSCJ161252+553529 243.215995  55.591407 0.2567  16.513 0.25495
  167 HSCJ161257+533514 243.239394  53.587318 1.1009  15.125 -1.0
  168 HSCJ161259+555925 243.245017  55.990333 0.9236  19.198 0.90647
  169 HSCJ161319+554012 243.330505  55.669967 0.3408  15.465 0.35133
  170 HSCJ161320+541638 243.334264  54.277091 0.2420  16.639 0.23080
  171 HSCJ161350+544756 243.457703  54.798815 0.4313  21.934 0.44886
  172 HSCJ161402+554115 243.510175  55.687446 0.9239  15.594 0.90214
  173 HSCJ161409+533145 243.538283  53.529274 0.1780  16.915 0.16175
  174 HSCJ161412+554132 243.549790  55.692330 0.2520  21.668 0.25046
  175 HSCJ161412+544343 243.552002  54.728710 0.3448  63.312 0.33115
  176 HSCJ161417+540433 243.570700  54.075921 0.8676  28.681 0.85281
  177 HSCJ161430+555706 243.624942  55.951633 0.8980  19.802 0.89436
  178 HSCJ161434+542551 243.643487  54.430882 0.2401  33.423 0.23264
  179 HSCJ161500+563311 243.750582  56.552941 0.8610  15.248 -1.0
  180 HSCJ161542+535649 243.924031  53.946826 0.5901  21.073 -1.0
  181 HSCJ161548+532829 243.949165  53.474605 0.3700  20.684 0.39134
  182 HSCJ161553+533908 243.970085  53.652298 0.8614  20.154 -1.0
  183 HSCJ161634+553955 244.142881  55.665296 0.2501  37.478 0.24275
  184 HSCJ161641+554512 244.172126  55.753433 1.1850  37.554 1.15849
  185 HSCJ161654+550804 244.224559  55.134541 0.4257  17.996 0.42839
  186 HSCJ161655+560222 244.227251  56.039376 0.3090  19.573 0.30909
  187 HSCJ161658+544923 244.242222  54.823143 0.4408  25.242 -1.0
  188 HSCJ161701+561303 244.253988  56.217409 1.0881  16.528 1.05972
  189 HSCJ161810+545922 244.541388  54.989314 0.4340  18.162 -1.0
  190 HSCJ161821+543040 244.587205  54.510988 0.7876  23.144 0.78712
  191 HSCJ161826+542543 244.607681  54.428483 0.5560  22.575 0.55241
  192 HSCJ161831+553016 244.628490  55.504410 0.5873  16.795 0.59661
  193 HSCJ161831+543828 244.630490  54.641056 0.5507  19.694 0.55342
  194 HSCJ161838+551714 244.659437  55.287135 0.2600  34.352 0.26908
  195 HSCJ161915+551341 244.811424  55.228051 0.3550  23.012 0.34315
  196 HSCJ161925+551436 244.853048  55.243415 0.6820  33.343 0.68713
  197 HSCJ162108+550144 245.281341  55.028977 0.6620  21.183 -1.0
  198 HSCJ162139+545743 245.413718  54.961943 0.2500  25.500 0.26701
  199 HSCJ232241-003418 350.671479  -0.571582 0.5980  15.787 0.58980
  200 HSCJ232303-010243 350.761890  -1.045321 0.3860  22.059 0.38934
  201 HSCJ232353-013335 350.970938  -1.559653 0.4186  32.861 -1.0
  202 HSCJ232422+001909 351.089962   0.319073 0.1679  25.534 0.14946
  203 HSCJ232503-003819 351.264135  -0.638588 0.3560  15.495 -1.0
  204 HSCJ232506+004045 351.275593   0.679104 0.6460  19.602 -1.0
  205 HSCJ232540-001112 351.417927  -0.186559 0.5559  22.692 0.56906
  206 HSCJ232611+000719 351.544377   0.121896 0.4390  15.440 0.46525
  207 HSCJ232619+003017 351.578286   0.504801 1.1720  22.975 1.00560
  208 HSCJ232639+010320 351.662978   1.055671 0.2940  16.081 0.27930
  209 HSCJ232732+005634 351.882814   0.942800 0.2600  59.436 0.27881
  210 HSCJ232734+003627 351.890124   0.607416 0.4360  16.072 -1.0
  211 HSCJ232745+005727 351.936807   0.957512 0.6280  29.539 0.64602
  212 HSCJ232807-013555 352.029756  -1.598659 0.5140  29.273 -1.0
  213 HSCJ232809+001109 352.038523   0.185912 0.2600  17.044 0.27703
  214 HSCJ232823+002325 352.095867   0.390247 0.3963  20.890 0.40771
  215 HSCJ232841-013543 352.170422  -1.595261 0.9461  15.912 -1.0
  216 HSCJ232914-012450 352.307751  -1.413832 0.5050  16.452 0.51163
  217 HSCJ232919+000805 352.328990   0.134764 0.3922  20.095 0.40441
  218 HSCJ232924-004856 352.348744  -0.815437 0.2985  21.378 0.30069
  219 HSCJ232948-012048 352.449294  -1.346622 0.5193  20.390 0.53723
  220 HSCJ232948-000955 352.451585  -0.165401 0.9480  15.748 0.90795
  221 HSCJ232949+005359 352.454207   0.899834 0.5090  42.061 0.49805
  222 HSCJ233007-003646 352.527908  -0.612693 0.1780  17.374 0.17620
  223 HSCJ233015-011940 352.564214  -1.327717 0.5137  35.441 0.52729
  224 HSCJ233031+003810 352.628836   0.636220 0.2600  27.826 0.27416
  225 HSCJ233101+002310 352.753636   0.386235 0.7924  15.704 0.78269
  226 HSCJ233110-013057 352.791855  -1.515934 1.1719  15.375 -1.0
  227 HSCJ233119+003447 352.828314   0.579843 0.4880  18.313 0.45547
  228 HSCJ233128+003654 352.867099   0.615106 0.2600  35.558 0.28170
  229 HSCJ233157+004435 352.985510   0.743003 1.0555  17.606 1.01098
  230 HSCJ233233-000404 353.139104  -0.067784 0.5100  18.135 0.51375
  231 HSCJ233235+010259 353.145061   1.049617 1.0061  30.504 -1.0
  232 HSCJ233242-001440 353.173879  -0.244573 1.1388  34.164 0.85950
  233 HSCJ233315+010017 353.312503   1.004769 0.4716  24.888 -1.0
  234 HSCJ233322+010345 353.341164   1.062533 0.6420  16.124 0.62640
  235 HSCJ233328-000122 353.366248  -0.022755 0.5063  26.941 0.51191
  236 HSCJ233454+004854 353.726654   0.814881 1.0376  15.307 -1.0
  237 HSCJ233524+003214 353.849610   0.537239 0.5302  20.839 0.51154
  238 HSCJ233534+001428 353.893632   0.241213 0.4774  21.173 0.46599
