# CAMIRA HSC S23B Deep+UD cluster catalog without star mask
# Oguri et al. arXiv:2512.13954
# column 1: ID
# column 2: Name
# column 3: RA [deg]
# column 4: Dec [deg]
# column 5: cluster photometric redshift z_cl
# column 6: richness N_mem
# column 7: spectroscopic redshift of BCG (-1.0 if not available)
    1 HSCJ021511-050339  33.797094  -5.060875 0.7600  16.428 0.75587
    2 HSCJ021528-044041  33.867679  -4.678112 0.3438  62.933 0.34784
    3 HSCJ021601-052316  34.002723  -5.387744 0.3342  15.402 0.34248
    4 HSCJ021634-041821  34.140492  -4.305831 0.1533  31.374 0.13812
    5 HSCJ021636-042706  34.150787  -4.451532 0.4504  30.630 0.44750
    6 HSCJ021648-043624  34.198541  -4.606757 0.2973  15.239 0.29240
    7 HSCJ021735-051330  34.397060  -5.225136 0.6444  21.605 0.64700
    8 HSCJ021822-053921  34.592556  -5.655933 0.6520  18.276 -1.0
    9 HSCJ021837-054025  34.655197  -5.673581 0.2547  16.007 -1.0
   10 HSCJ021913-040056  34.802917  -4.015588 0.4340  17.845 0.43532
   11 HSCJ021915-034418  34.814271  -3.738369 0.7755  18.212 -1.0
   12 HSCJ021929-040352  34.872561  -4.064545 0.6060  22.381 0.60491
   13 HSCJ021942-045231  34.922935  -4.875217 0.3180  28.845 0.33286
   14 HSCJ021955-035040  34.978735  -3.844317 0.3520  21.153 0.36149
   15 HSCJ021956-052803  34.982772  -5.467566 0.2600  19.843 0.27847
   16 HSCJ022030-054714  35.123851  -5.787182 0.7882  17.563 0.78500
   17 HSCJ022056-033319  35.232247  -3.555399 1.0320  34.561 -1.0
   18 HSCJ022059-040358  35.247075  -4.066234 1.0461  18.427 -1.0
   19 HSCJ022107-033127  35.278653  -3.524114 0.5720  38.629 0.55128
   20 HSCJ022137-051838  35.403234  -5.310515 0.8569  16.958 0.83292
   21 HSCJ022144-032106  35.432902  -3.351544 1.0260  27.282 -1.0
   22 HSCJ022146-034619  35.440619  -3.771926 0.4305  99.773 0.43314
   23 HSCJ022156-034054  35.481352  -3.681586 1.0549  35.376 1.03068
   24 HSCJ022156-054532  35.484962  -5.758796 0.2449  21.873 0.25907
   25 HSCJ022159-054443  35.497316  -5.745322 0.8568  20.707 -1.0
   26 HSCJ022202-043205  35.510179  -4.534672 0.3180  28.320 0.31871
   27 HSCJ022253-032823  35.720254  -3.473048 1.0400  17.204 1.01315
   28 HSCJ022254-033615  35.723582  -3.604141 0.4287  16.768 0.43089
   29 HSCJ022342-043052  35.924080  -4.514361 0.4400  22.532 0.43613
   30 HSCJ022347-050035  35.944437  -5.009835 0.8826  27.988 0.86399
   31 HSCJ022351-053640  35.960491  -5.611032 0.5080  37.274 0.49800
   32 HSCJ022358-043505  35.991830  -4.584715 0.4798  28.087 0.49456
   33 HSCJ022359-034354  35.996589  -3.731680 0.8393  18.903 0.83668
   34 HSCJ022401-032534  36.003402  -3.426245 0.7928  25.729 -1.0
   35 HSCJ022402-050527  36.009030  -5.090754 0.3300  18.630 0.32358
   36 HSCJ022404-041327  36.017480  -4.224058 1.0892  17.556 -1.0
   37 HSCJ022420-033626  36.083803  -3.607350 0.6060  23.622 0.61133
   38 HSCJ022434-045007  36.139608  -4.835342 0.4866  24.393 0.49427
   39 HSCJ022435-041243  36.145243  -4.212022 0.2569  23.282 0.26408
   40 HSCJ022455-033204  36.228567  -3.534382 0.7964  19.665 0.79458
   41 HSCJ022457-034853  36.238836  -3.814746 0.6300  49.574 -1.0
   42 HSCJ022522-034733  36.342592  -3.792568 0.2977  16.262 0.30029
   43 HSCJ022525-044045  36.352975  -4.679216 0.2668  18.115 0.26393
   44 HSCJ022531-041419  36.378202  -4.238514 0.1580  23.946 0.14287
   45 HSCJ022533-053205  36.388842  -5.534608 0.5740  18.087 0.56657
   46 HSCJ022549-055346  36.455432  -5.896171 0.2440  34.748 0.23289
   47 HSCJ022557-053834  36.487059  -5.642848 0.2049  19.154 0.19475
   48 HSCJ022618-035958  36.575586  -3.999446 0.2010  20.251 0.20926
   49 HSCJ022636-040410  36.648635  -4.069549 0.3323  16.774 0.34572
   50 HSCJ022644-034126  36.681921  -3.690487 0.3208  17.929 0.32814
   51 HSCJ022715-050432  36.813271  -5.075645 0.1559  20.252 0.14309
   52 HSCJ022726-043214  36.858465  -4.537278 0.3212  15.800 0.30832
   53 HSCJ022801-045150  37.003443  -4.863963 0.2920  36.142 -1.0
   54 HSCJ022828-042608  37.115949  -4.435440 0.4303  39.390 0.43194
   55 HSCJ022829-045939  37.121886  -4.994115 0.3380  27.836 0.33420
   56 HSCJ022831-044351  37.130253  -4.730873 0.6020  36.771 0.61145
   57 HSCJ022848-034539  37.201098  -3.760853 0.7200  16.263 0.71802
   58 HSCJ022933-043948  37.387777  -4.663239 0.6210  29.803 0.62480
   59 HSCJ023003-035937  37.512685  -3.993687 0.6060  17.608 0.58695
   60 HSCJ023015-035712  37.564451  -3.953254 0.7317  19.427 -1.0
   61 HSCJ023028-043349  37.615630  -4.563597 0.2880  28.800 0.29508
   62 HSCJ095422+011741 148.593047   1.294669 0.4679  18.934 0.45216
   63 HSCJ095458+030823 148.741734   3.139672 0.3380  16.269 0.34359
   64 HSCJ095528+013947 148.866920   1.662984 0.1032  21.382 0.09837
   65 HSCJ095536+010310 148.898165   1.052659 0.4540  35.080 -1.0
   66 HSCJ095536+030247 148.901971   3.046432 0.8099  15.059 0.81108
   67 HSCJ095554+012431 148.973585   1.408520 0.3462  15.055 0.32346
   68 HSCJ095606+023650 149.024476   2.613954 0.4905  22.967 -1.0
   69 HSCJ095608+015910 149.033261   1.986211 0.9720  29.474 0.95859
   70 HSCJ095619+031607 149.077554   3.268723 0.3349  17.296 0.31408
   71 HSCJ095624+015559 149.101235   1.932953 0.9719  15.135 0.96309
   72 HSCJ095634+030538 149.141945   3.093937 0.3460  17.731 0.35355
   73 HSCJ095641+023643 149.172168   2.612016 0.7323  18.611 0.73651
   74 HSCJ095649+023637 149.204376   2.610200 0.5429  22.550 0.54103
   75 HSCJ095728+033956 149.365902   3.665492 0.1700  38.314 0.16461
   76 HSCJ095742+023352 149.424320   2.564432 0.3922  41.564 -1.0
   77 HSCJ095743+005441 149.427236   0.911281 0.2220  16.661 0.21860
   78 HSCJ095746+022533 149.441575   2.425930 0.4800  18.973 0.48063
   79 HSCJ095748+030335 149.451329   3.059674 0.8964  19.477 0.87989
   80 HSCJ095759+032726 149.497195   3.457180 0.1680  58.256 0.16548
   81 HSCJ095824+024916 149.600086   2.821157 0.3340  24.329 0.34471
   82 HSCJ095837+011104 149.655541   1.184513 0.6500  24.701 0.67072
   83 HSCJ095847+033822 149.694895   3.639561 0.4383  23.171 0.42969
   84 HSCJ095853+005804 149.722217   0.967784 0.6394  19.986 0.67012
   85 HSCJ095903+025545 149.761343   2.929083 0.3333  33.672 0.34846
   86 HSCJ095918+033052 149.826346   3.514333 0.7160  25.062 0.71771
   87 HSCJ095921+010129 149.835828   1.024847 0.4403  16.603 0.43295
   88 HSCJ095921+011752 149.837655   1.297745 0.1067  25.612 0.09464
   89 HSCJ095922+021723 149.841865   2.289679 0.3448  16.522 -1.0
   90 HSCJ095924+011449 149.849872   1.246859 0.3571  25.970 0.35681
   91 HSCJ095924+014624 149.851449   1.773217 0.1291  16.310 0.12471
   92 HSCJ095927+010121 149.861201   1.022517 0.3595  15.839 0.35543
   93 HSCJ095938+031001 149.906612   3.167042 0.3039  21.100 -1.0
   94 HSCJ095939+023007 149.913030   2.501923 0.7264  15.077 0.73810
   95 HSCJ095948+004908 149.948737   0.818810 0.2029  15.323 0.21944
   96 HSCJ095951+014049 149.964110   1.680331 0.3620  17.652 0.37214
   97 HSCJ100006+011823 150.027047   1.306385 0.2180  23.526 -1.0
   98 HSCJ100015+011002 150.063342   1.167105 0.2300  20.629 0.24707
   99 HSCJ100022+032416 150.089707   3.404581 1.0024  20.754 0.99198
  100 HSCJ100022+022328 150.090886   2.391224 0.2173  39.836 0.22061
  101 HSCJ100046+013926 150.189763   1.657359 0.2175  33.844 0.22058
  102 HSCJ100057+013142 150.238619   1.528438 0.3580  20.328 0.36311
  103 HSCJ100108+005630 150.281396   0.941534 0.8753  15.040 0.86778
  104 HSCJ100120+005207 150.331264   0.868680 1.0020  16.848 1.00248
  105 HSCJ100121+025917 150.335426   2.988130 0.5000  15.089 0.49927
  106 HSCJ100137+023032 150.403883   2.508865 0.1292  16.974 0.12370
  107 HSCJ100154+004905 150.476298   0.818055 0.9912  22.213 -1.0
  108 HSCJ100223+034156 150.596528   3.698831 0.1506  18.717 -1.0
  109 HSCJ100231+024610 150.630153   2.769556 0.2160  15.898 0.24801
  110 HSCJ100250+030027 150.709467   3.007526 0.6080  15.580 0.61047
  111 HSCJ100252+031427 150.716325   3.240902 0.5400  30.123 0.53605
  112 HSCJ100300+013152 150.750446   1.531020 0.6800  25.876 0.66896
  113 HSCJ100305+022509 150.770158   2.419204 0.1720  15.977 0.17781
  114 HSCJ100308+030637 150.783355   3.110312 0.5380  15.567 0.53532
  115 HSCJ100317+031207 150.820399   3.201887 1.0020  17.116 0.99382
  116 HSCJ100318+033839 150.824201   3.644107 0.6180  16.171 0.62189
  117 HSCJ100329+020810 150.871580   2.135984 0.4707  15.333 0.46733
  118 HSCJ100343+025049 150.927339   2.847038 0.1802  25.691 0.18528
  119 HSCJ100345+024201 150.935742   2.700323 0.1880  15.615 0.18345
  120 HSCJ100358+010537 150.993425   1.093748 0.7520  20.041 0.75062
  121 HSCJ100359+023701 150.996838   2.616872 0.3374  18.205 0.35066
  122 HSCJ100421+024907 151.086184   2.818712 0.3980  15.277 0.37371
  123 HSCJ100438+024004 151.157290   2.667803 0.3380  16.112 0.37199
  124 HSCJ100458+015556 151.243671   1.932122 0.9459  19.926 0.92573
  125 HSCJ100459+015442 151.245917   1.911796 0.2151  21.544 0.22491
  126 HSCJ100528+025800 151.365466   2.966578 0.4855  33.080 0.48570
  127 HSCJ100532+023518 151.381349   2.588442 0.3520  83.271 0.36957
  128 HSCJ100543+013458 151.429461   1.582708 0.8302  19.227 0.82807
  129 HSCJ100543+033159 151.430033   3.533069 0.7155  18.727 0.71185
  130 HSCJ100657+025539 151.739426   2.927410 1.0022  28.813 -1.0
  131 HSCJ160037+552727 240.154889  55.457511 0.4500  35.559 -1.0
  132 HSCJ160053+551310 240.219618  55.219439 1.2320  17.564 -1.0
  133 HSCJ160159+552418 240.495560  55.404899 0.4000  37.282 -1.0
  134 HSCJ160302+550842 240.759465  55.144932 0.2560  16.056 -1.0
  135 HSCJ160412+554201 241.048942  55.700139 0.3200  22.197 -1.0
  136 HSCJ160434+551301 241.141995  55.217043 0.3873  19.779 0.39325
  137 HSCJ160436+555704 241.151253  55.951116 0.3847  35.771 -1.0
  138 HSCJ160437+555937 241.153677  55.993682 0.5991  15.281 -1.0
  139 HSCJ160439+543137 241.164027  54.526870 0.2564  85.626 -1.0
  140 HSCJ160502+553750 241.258621  55.630646 0.2400  59.979 -1.0
  141 HSCJ160508+545208 241.283485  54.869019 0.6087  24.721 0.61236
  142 HSCJ160513+543842 241.304505  54.645057 0.6861  15.744 0.67448
  143 HSCJ160539+544622 241.410766  54.772721 0.4680  17.660 -1.0
  144 HSCJ160541+551426 241.420024  55.240565 0.2540  16.697 0.24743
  145 HSCJ160551+544727 241.460630  54.790934 0.2567  30.172 0.23312
  146 HSCJ160555+541238 241.479712  54.210587 0.8726  25.713 0.88971
  147 HSCJ160600+545854 241.500667  54.981756 0.5429  20.381 0.55461
  148 HSCJ160605+542841 241.520317  54.478002 0.7784  30.283 0.77281
  149 HSCJ160621+545643 241.587014  54.945294 0.6570  22.248 0.67256
  150 HSCJ160628+544945 241.614605  54.829081 0.6711  21.552 0.67221
  151 HSCJ160635+535337 241.645698  53.893731 0.3580  44.231 0.35041
  152 HSCJ160639+560806 241.663264  56.135083 0.7900  25.638 0.79339
  153 HSCJ160640+551809 241.665651  55.302376 0.6361  18.740 0.64167
  154 HSCJ160724+550145 241.849048  55.029267 0.5740  19.125 -1.0
  155 HSCJ160733+543525 241.888593  54.590140 0.3847  17.282 -1.0
  156 HSCJ160738+555911 241.909513  55.986424 0.4008  16.579 0.41158
  157 HSCJ160750+553134 241.960212  55.526157 0.2547  17.921 0.26290
  158 HSCJ160800+560614 241.999372  56.103992 0.4060  18.137 0.41204
  159 HSCJ160805+540837 242.019085  54.143681 0.2351  17.813 0.23390
  160 HSCJ160810+564614 242.040816  56.770462 0.4743  24.342 0.47895
  161 HSCJ160827+531435 242.113808  53.242981 0.1781  23.036 0.16139
  162 HSCJ160840+540557 242.166971  54.099030 0.9810  24.655 -1.0
  163 HSCJ160900+545711 242.250039  54.953146 0.9040  15.446 -1.0
  164 HSCJ160903+534302 242.261527  53.717193 0.7350  28.522 0.73500
  165 HSCJ160932+544508 242.383520  54.752203 0.2279  15.761 0.23440
  166 HSCJ161038+540531 242.657978  54.091859 0.3391  41.542 0.33901
  167 HSCJ161049+552623 242.704427  55.439641 0.6420  22.661 -1.0
  168 HSCJ161054+554838 242.723425  55.810592 0.2560  33.721 0.24906
  169 HSCJ161101+561748 242.752397  56.296798 0.2962  31.428 0.29735
  170 HSCJ161112+553451 242.798733  55.580785 0.2246  50.832 0.21706
  171 HSCJ161136+541635 242.899719  54.276263 0.3480  60.373 0.33731
  172 HSCJ161154+562442 242.974719  56.411670 0.4285  23.350 0.42145
  173 HSCJ161213+543938 243.054975  54.660678 0.2240  17.646 0.23595
  174 HSCJ161221+532107 243.087389  53.351910 0.1716  23.142 -1.0
  175 HSCJ161222+534055 243.091343  53.682081 0.2580  23.636 0.26331
  176 HSCJ161224+534029 243.098730  53.674693 0.1500  18.113 0.13446
  177 HSCJ161234+555119 243.140797  55.855193 0.2968  35.959 -1.0
  178 HSCJ161241+562423 243.171338  56.406427 0.6380  18.327 0.63860
  179 HSCJ161249+550239 243.205031  55.044293 0.4924  20.463 0.49208
  180 HSCJ161249+540837 243.205989  54.143570 0.1605  27.761 0.15167
  181 HSCJ161252+553529 243.215995  55.591407 0.2537  20.013 0.25495
  182 HSCJ161257+533514 243.239394  53.587318 1.1009  15.063 -1.0
  183 HSCJ161259+555925 243.245017  55.990333 0.9234  18.988 0.90647
  184 HSCJ161317+560119 243.322800  56.022022 0.4929  23.521 -1.0
  185 HSCJ161341+554200 243.419932  55.699981 0.3492  19.663 -1.0
  186 HSCJ161350+544756 243.457703  54.798815 0.4313  22.429 0.44886
  187 HSCJ161409+533145 243.538283  53.529274 0.1780  16.718 0.16175
  188 HSCJ161412+554132 243.549790  55.692330 0.2535  24.929 0.25046
  189 HSCJ161412+544343 243.552002  54.728710 0.3443  64.526 0.33115
  190 HSCJ161414+554729 243.557624  55.791504 0.4911  16.338 0.49583
  191 HSCJ161417+540433 243.570700  54.075921 0.8663  31.676 0.85281
  192 HSCJ161430+555706 243.624942  55.951633 0.8980  20.678 0.89436
  193 HSCJ161434+542551 243.643487  54.430882 0.2401  33.395 0.23264
  194 HSCJ161500+563311 243.750582  56.552941 0.8611  15.224 -1.0
  195 HSCJ161542+535649 243.924031  53.946826 0.5900  21.486 -1.0
  196 HSCJ161548+532829 243.949165  53.474605 0.3758  20.076 0.39134
  197 HSCJ161553+533908 243.970085  53.652298 0.8614  20.116 -1.0
  198 HSCJ161558+562605 243.989597  56.434688 0.6060  16.750 -1.0
  199 HSCJ161634+553955 244.142881  55.665296 0.2501  37.098 0.24275
  200 HSCJ161641+554512 244.172126  55.753433 1.1920  38.841 1.15849
  201 HSCJ161654+550804 244.224559  55.134541 0.4260  19.503 0.42839
  202 HSCJ161655+560222 244.227251  56.039376 0.3080  15.840 0.30909
  203 HSCJ161658+544923 244.242222  54.823143 0.4395  24.731 -1.0
  204 HSCJ161701+561303 244.253988  56.217409 1.1050  16.314 1.05972
  205 HSCJ161714+551537 244.308584  55.260317 0.3600  15.432 -1.0
  206 HSCJ161755+545606 244.479035  54.934957 0.1632  17.916 0.15336
  207 HSCJ161810+545922 244.541388  54.989314 0.4370  17.701 -1.0
  208 HSCJ161822+543129 244.590758  54.524610 0.7875  24.614 0.79442
  209 HSCJ161826+542543 244.607681  54.428483 0.5560  22.081 0.55241
  210 HSCJ161831+553016 244.628490  55.504410 0.5873  16.753 0.59661
  211 HSCJ161831+543828 244.630490  54.641056 0.5507  19.264 0.55342
  212 HSCJ161838+551714 244.659437  55.287135 0.2600  35.198 0.26908
  213 HSCJ161848+545049 244.700810  54.846932 0.5578  15.519 -1.0
  214 HSCJ161859+545228 244.744508  54.874327 0.2200  17.652 0.21395
  215 HSCJ161915+551341 244.811424  55.228051 0.3551  22.752 0.34315
  216 HSCJ161925+551436 244.853048  55.243415 0.6818  33.158 0.68713
  217 HSCJ161935+545306 244.895969  54.884866 0.4800  19.282 0.48497
  218 HSCJ162103+552134 245.262711  55.359430 0.7040  15.042 0.71253
  219 HSCJ162109+550129 245.286914  55.024746 0.6541  19.611 -1.0
  220 HSCJ162151+550246 245.461854  55.046068 0.3283  21.700 -1.0
  221 HSCJ162157+545702 245.487517  54.950479 0.2460  28.713 -1.0
  222 HSCJ232209-012057 350.537063  -1.349071 0.3528  33.785 -1.0
  223 HSCJ232230-002223 350.623649  -0.372937 0.2669  77.135 -1.0
  224 HSCJ232303-010243 350.761890  -1.045321 0.3857  21.893 0.38934
  225 HSCJ232333-000444 350.888823  -0.078884 0.6980  23.053 -1.0
  226 HSCJ232334+001415 350.892040   0.237613 1.0839  15.043 -1.0
  227 HSCJ232353-013335 350.970938  -1.559653 0.4186  33.519 -1.0
  228 HSCJ232422+001909 351.089962   0.319073 0.1648  25.530 0.14946
  229 HSCJ232503-003819 351.264135  -0.638588 0.3560  15.557 -1.0
  230 HSCJ232506+004045 351.275593   0.679104 0.6600  21.557 -1.0
  231 HSCJ232540-001112 351.417927  -0.186559 0.5560  22.917 0.56906
  232 HSCJ232541-002013 351.422456  -0.336939 0.5640  15.172 0.58072
  233 HSCJ232611+000719 351.544377   0.121896 0.4387  15.363 0.46525
  234 HSCJ232619+003017 351.578286   0.504801 1.1721  23.654 1.00560
  235 HSCJ232639+010320 351.662978   1.055671 0.2940  18.427 0.27930
  236 HSCJ232707-002400 351.777527  -0.400000 0.2973  15.382 -1.0
  237 HSCJ232712-011338 351.798267  -1.227264 0.2426  15.600 -1.0
  238 HSCJ232732+005634 351.882814   0.942800 0.2600  59.510 0.27881
  239 HSCJ232734+003627 351.890124   0.607416 0.4360  16.889 -1.0
  240 HSCJ232745+005727 351.936807   0.957512 0.6280  29.599 0.64602
  241 HSCJ232746-004429 351.943289  -0.741306 0.5540  15.443 -1.0
  242 HSCJ232807-013555 352.029756  -1.598659 0.5140  30.492 -1.0
  243 HSCJ232809+001109 352.038523   0.185912 0.2600  16.979 0.27703
  244 HSCJ232823+002325 352.095867   0.390247 0.3963  20.317 0.40771
  245 HSCJ232841-013543 352.170422  -1.595261 0.9461  15.920 -1.0
  246 HSCJ232919+000805 352.328990   0.134764 0.3922  20.023 0.40441
  247 HSCJ232924-004856 352.348744  -0.815437 0.2987  21.710 0.30069
  248 HSCJ232948-012048 352.449294  -1.346622 0.5193  20.317 0.53723
  249 HSCJ232948-000955 352.451585  -0.165401 0.9480  15.721 0.90795
  250 HSCJ232949+005359 352.454207   0.899834 0.5092  47.621 0.49805
  251 HSCJ233007-003646 352.527908  -0.612693 0.1780  17.459 0.17620
  252 HSCJ233015-011940 352.564214  -1.327717 0.5137  35.390 0.52729
  253 HSCJ233031+003810 352.628836   0.636220 0.2600  27.569 0.27416
  254 HSCJ233052-001106 352.717719  -0.184911 0.4609  15.521 -1.0
  255 HSCJ233101+002310 352.753636   0.386235 0.7924  16.543 0.78269
  256 HSCJ233110-013057 352.791855  -1.515934 1.1719  15.044 -1.0
  257 HSCJ233119+003447 352.828314   0.579843 0.4880  17.976 0.45547
  258 HSCJ233128+003654 352.867099   0.615106 0.2600  35.272 0.28170
  259 HSCJ233157+004435 352.985510   0.743003 1.0555  17.699 1.01098
  260 HSCJ233233-000404 353.139104  -0.067784 0.5100  17.757 0.51375
  261 HSCJ233235+010259 353.145061   1.049617 1.0061  30.494 -1.0
  262 HSCJ233242-001440 353.173879  -0.244573 1.1388  34.137 0.85950
  263 HSCJ233315+010017 353.312503   1.004769 0.4716  24.779 -1.0
  264 HSCJ233322+010345 353.341164   1.062533 0.6420  16.124 0.62640
  265 HSCJ233328-000122 353.366248  -0.022755 0.5063  26.771 0.51191
  266 HSCJ233454+004854 353.726654   0.814881 1.0377  15.354 -1.0
  267 HSCJ233524+003214 353.849610   0.537239 0.5282  21.840 0.51154
  268 HSCJ233534+001428 353.893632   0.241213 0.4772  21.196 0.46599
